2
500
5 6 6 2 7 3 9 9 8 9 10 3 7 4 6 6 6 8 1 3 3 4 1 3 7 6 2 5 6 10 4 3 4 10 10 5 4 3 4 8 3 2 8 7 4 10 6 9 8 9 1 10 5 4 2 3 5 6 1 4 10 1 10 5 9 3 10 2 2 1 10 10 9 8 4 2 2 9 2 10 9 10 9 6 1 4 8 8 5 5 1 1 5 3 10 8 8 2 6 8 6 7 6 10 1 4 9 3 10 6 2 1 10 1 9 5 3 8 1 9 7 2 1 5 8 5 7 2 8 5 3 8 6 3 10 1 2 8 10 2 5 6 2 1 8 10 4 8 3 4 3 3 4 5 6 7 5 9 2 5 6 8 1 4 8 9 4 10 4 5 8 4 9 4 3 4 2 9 2 9 6 8 10 9 7 6 9 2 3 2 7 9 5 8 8 9 5 7 5 5 10 1 9 2 7 5 7 1 2 10 9 4 5 9 1 6 1 7 5 2 3 4 1 9 4 9 5 4 10 6 3 10 4 3 10 1 3 1 7 1 6 2 10 4 5 1 8 8 5 7 9 6 3 3 7 7 8 10 7 5 3 4 5 4 6 6 7 9 1 5 7 6 1 9 10 8 6 7 7 7 5 7 3 7 3 4 3 4 6 7 7 3 3 10 3 9 1 3 9 7 4 8 8 4 8 9 4 10 10 10 5 10 2 10 2 7 3 3 3 10 9 1 3 4 7 9 4 10 9 10 4 7 10 6 3 4 7 2 6 7 2 3 10 1 5 9 6 3 4 5 10 10 1 7 1 9 7 10 4 3 4 7 9 5 9 2 2 7 2 8 8 2 2 8 2 7 2 9 6 10 2 6 9 9 5 2 8 4 3 7 2 1 8 10 8 8 3 6 2 5 2 4 10 3 8 6 5 10 4 1 10 5 6 9 3 3 3 10 4 5 9 4 10 1 4 6 4 4 1 4 6 6 10 2 7 2 3 5 7 5 9 7 1 9 3 1 6 8 7 3 7 10 4 10 5 4 1 10 7 9 3 5 5 10 2 10 4 7 6 3 2 7 9 3 3 1 6 4 3 10 10 4 4 4 9 1 9 3 8 7 1 5 3 8 3 6 3 5 5 7
1000
111 354
291 57
460 33
70 395
463 363
469 129
409 171
332 39
165 26
465 44
348 237
323 336
362 387
3 87
379 425
193 262
395 182
153 497
157 125
261 382
130 180
427 384
421 188
176 243
364 43
193 262
227 356
284 103
200 162
318 144
353 494
224 190
445 435
336 71
397 201
115 269
363 453
148 130
202 175
281 75
67 47
499 500
271 58
427 384
48 19
177 294
107 27
422 277
257 66
271 58
100 91
166 134
306 394
44 78
392 413
203 211
50 441
106 399
333 271
319 487
388 476
390 295
142 228
409 171
487 320
245 230
302 368
34 421
308 369
53 380
26 138
356 314
350 430
80 191
83 479
435 442
327 378
239 341
256 250
288 306
106 399
327 378
179 133
20 117
223 194
45 202
251 45
132 116
403 231
449 433
239 341
265 328
228 179
442 141
158 408
428 342
117 12
148 130
73 370
295 15
59 2
350 430
181 353
36 20
340 65
493 488
396 480
492 422
243 207
15 334
93 268
49 99
62 100
449 433
191 220
68 34
485 375
430 466
192 478
198 186
378 28
355 5
75 59
115 269
42 392
29 309
481 123
182 240
420 352
310 265
302 368
90 128
280 29
497 248
188 67
51 345
369 208
52 484
245 230
98 331
326 83
458 253
247 389
113 3
402 292
495 70
443 348
237 492
411 14
137 347
368 72
389 287
267 332
59 2
211 37
162 323
157 125
450 232
158 408
79 94
86 124
136 396
269 321
357 244
398 25
498 41
277 367
101 470
415 278
298 415
23 77
30 293
416 310
447 135
251 45
252 456
321 204
471 158
196 280
383 474
111 354
237 492
347 343
389 287
218 166
336 71
122 377
257 66
279 490
273 282
105 136
464 258
450 232
433 301
93 268
209 330
71 438
256 250
59 2
65 35
206 298
10 104
61 235
344 225
431 319
485 375
239 341
466 351
320 17
101 470
97 434
27 247
462 447
280 29
132 116
479 46
404 291
46 308
360 101
328 217
394 168
284 103
470 381
84 318
161 24
199 89
104 108
172 161
77 426
143 189
26 138
292 327
216 372
244 93
79 94
265 328
207 88
478 312
223 194
340 65
452 213
215 437
437 54
465 44
362 387
48 19
348 237
453 472
149 219
334 11
129 386
461 113
462 447
499 500
313 304
293 9
36 20
195 471
59 2
354 21
466 351
92 38
48 19
331 163
474 127
29 309
135 203
316 405
6 18
4 246
442 141
96 153
371 444
14 255
295 15
128 52
314 84
308 369
240 102
259 316
189 222
57 329
244 93
186 256
318 144
498 41
169 460
118 461
69 305
156 98
52 484
108 143
30 293
349 106
58 236
40 404
90 128
122 377
283 62
190 112
334 11
423 491
197 400
246 417
418 150
247 389
153 497
174 468
439 242
158 408
16 350
483 205
190 112
31 344
396 480
179 133
282 402
300 290
449 433
147 159
304 493
140 55
454 273
292 327
21 436
411 14
425 279
261 382
286 275
382 4
82 401
249 495
282 402
401 173
204 86
412 193
207 88
389 287
446 482
485 375
230 105
290 254
370 169
329 432
39 418
101 470
416 310
487 320
247 389
91 397
102 443
439 242
436 311
297 289
283 62
204 86
291 57
41 68
142 228
345 307
19 69
134 360
195 471
352 315
108 143
249 495
200 162
81 92
301 192
18 139
325 30
129 386
189 222
168 274
345 307
284 103
490 326
211 37
316 405
32 233
93 268
87 407
50 441
109 414
56 431
311 196
496 475
172 161
381 449
250 48
373 10
17 409
471 158
356 314
366 76
199 89
253 215
216 372
23 77
378 28
60 410
47 325
56 431
276 459
475 119
327 378
433 301
117 12
238 176
331 163
133 210
300 290
81 92
291 57
57 329
337 412
344 225
413 411
162 323
133 210
58 236
417 229
250 48
412 193
483 205
426 199
257 66
97 434
30 293
418 150
163 1
305 96
295 15
178 85
45 202
393 172
195 471
194 427
484 22
458 253
324 157
65 35
491 390
229 140
423 491
486 455
150 355
326 83
99 156
442 141
129 386
259 316
43 142
448 365
377 358
91 397
50 441
192 478
137 347
491 390
473 338
463 363
419 313
22 183
207 88
251 45
217 224
147 159
143 189
73 370
259 316
473 338
306 394
272 234
299 121
233 53
243 207
175 445
74 198
79 94
386 97
72 152
369 208
275 145
264 206
312 95
429 498
332 39
25 264
346 137
186 256
339 299
252 456
374 63
13 373
57 329
205 109
380 114
419 313
315 398
225 6
156 98
168 274
434 7
329 432
78 90
342 122
307 184
471 158
200 162
317 285
263 155
31 344
391 245
306 394
338 448
384 251
197 400
227 356
9 260
442 141
203 211
120 16
350 430
6 18
262 388
33 60
417 229
470 381
408 458
27 247
486 455
124 300
107 27
285 464
171 200
266 440
365 462
233 53
483 205
313 304
82 401
424 423
274 371
160 80
224 190
159 146
254 446
395 182
283 62
360 101
28 267
213 23
192 478
461 113
437 54
122 377
6 18
116 439
396 480
62 100
254 446
368 72
399 259
38 164
192 478
131 216
369 208
266 440
74 198
489 56
359 126
456 335
352 315
80 191
183 485
46 308
451 366
134 360
224 190
345 307
309 13
76 483
125 148
187 322
289 296
285 464
411 14
471 158
144 223
455 416
450 232
410 362
376 288
379 425
154 120
362 387
94 212
80 191
219 376
335 132
320 17
401 173
140 55
270 131
101 470
475 119
242 218
162 323
468 118
109 414
167 340
335 132
490 326
119 473
453 472
33 60
375 406
193 262
476 428
100 91
2 74
7 393
171 200
365 462
459 499
124 300
235 160
42 392
353 494
403 231
51 345
183 485
15 334
4 246
395 182
447 135
15 334
405 283
101 470
425 279
296 170
42 392
95 420
226 187
55 349
440 151
234 79
330 463
455 416
439 242
198 186
268 82
159 146
488 452
393 172
361 346
377 358
356 314
32 233
196 280
64 195
124 300
295 15
297 289
179 133
91 397
457 263
168 274
255 197
281 75
422 277
228 179
8 457
495 70
303 177
363 453
318 144
478 312
269 321
148 130
487 320
179 133
380 114
182 240
175 445
235 160
440 151
169 460
302 368
159 146
94 212
330 463
117 12
275 145
490 326
486 455
236 281
121 154
138 167
169 460
233 53
311 196
222 50
72 152
348 237
184 110
113 3
474 127
88 297
197 400
206 298
379 425
381 449
232 303
414 383
201 302
9 260
486 455
438 221
377 358
326 83
481 123
195 471
366 76
277 367
185 391
185 391
63 467
278 174
365 462
425 279
241 214
386 97
123 266
421 188
322 364
358 481
130 180
452 213
406 357
329 432
119 473
487 320
88 297
325 30
155 374
89 227
453 472
265 328
164 257
123 266
477 64
266 440
188 67
363 453
184 110
112 81
99 156
244 93
482 73
173 111
37 181
110 403
175 445
223 194
298 415
432 32
111 354
144 223
51 345
244 93
220 379
213 23
171 200
500 36
427 384
7 393
42 392
6 18
448 365
227 356
126 147
200 162
392 413
164 257
305 96
138 167
445 435
444 209
450 232
210 49
401 173
310 265
491 390
71 438
146 429
214 451
251 45
338 448
128 52
145 385
411 14
407 40
234 79
441 489
372 324
192 478
208 276
168 274
260 333
141 61
98 331
72 152
40 404
129 386
399 259
155 374
133 210
289 296
214 451
145 385
145 385
66 339
359 126
33 60
252 456
248 239
53 380
460 33
356 314
176 243
199 89
180 337
231 107
268 82
149 219
141 61
282 402
114 450
24 261
230 105
246 417
138 167
302 368
287 8
376 288
310 265
342 122
5 241
467 238
140 55
162 323
384 251
12 270
139 272
385 226
276 459
277 367
299 121
415 278
208 276
465 44
497 248
221 286
270 131
367 361
305 96
499 500
382 4
310 265
126 147
1 252
333 271
468 118
268 82
374 63
406 357
408 458
260 333
366 76
29 309
329 432
152 359
185 391
480 51
57 329
18 139
22 183
410 362
373 10
302 368
430 466
292 327
455 416
500 36
294 31
367 361
118 461
443 348
444 209
493 488
397 201
25 264
66 339
129 386
387 284
103 165
109 414
284 103
150 355
243 207
428 342
418 150
147 159
216 372
11 115
392 413
221 286
35 419
54 42
229 140
455 416
306 394
276 459
82 401
351 249
38 164
355 5
366 76
341 149
400 486
432 32
24 261
52 484
434 7
448 365
202 175
414 383
258 178
350 430
65 35
137 347
143 189
168 274
95 420
151 477
471 158
62 100
310 265
10 104
411 14
179 133
369 208
472 465
104 108
220 379
93 268
75 59
324 157
496 475
179 133
127 496
429 498
343 317
291 57
187 322
13 373
176 243
170 424
446 482
105 136
46 308
34 421
494 469
376 288
437 54
399 259
7 393
148 130
290 254
395 182
207 88
212 185
277 367
160 80
327 378
222 50
128 52
55 349
85 454
400 486
284 103
405 283
493 488
148 130
200 162
154 120
327 378
288 306
