1000 1000 10000
2 213 716
9 312 309
4 133 61
4 713 930
7 831 169
3 319 950
9 131 651
9 292 860
5 151 50
3 500 785
8 888 744
4 379 295
8 36 24
4 906 680
5 507 89
7 618 420
0 942 284
4 718 895
6 768 574
5 609 992
9 66 838
6 92 958
5 953 678
1 9 727
1 520 601
1 458 707
7 398 146
3 58 777
1 154 433
1 556 649
0 888 31
3 127 662
3 775 864
2 968 564
2 787 295
3 899 118
1 241 78
5 787 113
4 973 275
4 817 563
8 555 783
1 428 273
4 745 258
0 574 234
4 902 610
3 384 254
2 296 733
4 834 142
9 373 703
0 829 992
0 530 623
5 479 487
7 687 433
2 675 33
0 968 991
9 889 251
6 140 405
1 720 455
5 381 680
9 767 83
3 931 65
8 748 546
0 654 299
8 650 753
7 762 408
9 436 286
2 903 948
2 532 487
2 751 166
3 27 729
2 663 458
4 818 643
5 366 39
5 734 104
6 317 259
3 797 481
3 819 901
7 959 487
3 980 96
9 861 112
6 90 923
6 125 576
1 668 629
2 128 537
0 316 467
1 786 733
4 707 60
1 442 236
3 428 399
5 325 168
6 412 994
4 581 837
3 594 182
8 185 402
1 517 194
2 644 319
0 751 357
6 478 697
2 966 897
1 434 71
7 89 592
9 702 383
5 664 995
9 288 539
7 305 465
2 171 976
6 732 100
2 936 643
9 178 601
6 120 28
1 485 969
9 124 400
1 764 502
4 550 318
7 368 920
3 851 364
4 817 996
3 544 506
4 370 558
2 404 586
9 583 703
0 520 605
1 233 360
9 475 687
6 287 695
2 660 273
8 63 76
5 892 975
2 204 125
2 220 455
4 627 777
4 375 516
3 952 542
9 157 314
7 682 436
3 404 924
7 978 886
9 251 553
0 350 44
2 287 874
5 340 439
4 802 572
6 517 281
5 837 935
7 651 945
1 647 930
6 972 665
2 815 505
1 23 101
3 517 617
3 4 988
7 999 437
2 854 77
3 386 566
0 517 33
0 65 56
1 587 150
9 252 568
0 650 904
6 508 35
2 476 769
1 622 24
5 693 201
5 690 711
5 539 991
2 720 882
4 35 5
6 972 94
6 812 228
3 389 465
6 458 804
0 786 172
7 631 933
0 927 471
2 626 487
8 938 877
4 664 629
7 792 860
6 289 856
9 598 504
2 733 884
1 27 753
7 898 223
2 11 780
8 375 385
6 139 588
0 168 718
6 607 681
1 877 42
1 722 814
1 719 935
2 91 969
3 268 754
5 477 66
8 667 932
9 427 928
2 554 939
0 934 800
7 52 687
8 218 273
9 884 828
9 298 386
9 505 76
5 545 778
0 421 324
5 324 966
3 372 180
2 457 778
1 530 872
2 195 757
1 287 860
2 951 521
1 20 474
7 839 418
1 188 430
5 176 840
4 172 435
1 754 174
3 946 102
2 302 146
1 741 891
5 509 195
5 718 560
4 34 947
7 870 950
5 409 287
7 750 480
9 274 911
1 669 874
7 255 667
4 909 834
7 693 917
6 164 430
0 522 187
6 636 771
3 548 548
2 278 949
0 347 880
5 397 248
3 148 654
2 401 332
9 893 308
8 861 798
2 962 492
9 690 24
0 404 5
5 322 378
1 862 1
1 853 676
6 344 101
3 610 554
0 452 43
8 499 777
3 574 176
4 478 932
0 983 63
0 225 103
0 409 590
3 70 805
0 23 19
3 829 612
8 660 435
1 790 397
3 740 873
0 667 186
5 204 781
9 153 250
6 188 346
2 808 862
5 796 157
3 884 946
8 553 912
8 246 839
9 297 937
7 837 5
8 431 896
7 521 940
2 688 561
1 524 666
9 853 111
1 681 194
6 620 111
9 546 194
7 538 44
0 976 36
1 557 948
6 72 874
0 611 805
7 397 899
4 997 616
6 379 621
6 178 158
1 177 689
6 573 408
4 727 161
8 193 150
2 601 121
3 856 511
3 56 88
1 263 884
7 53 913
6 382 630
2 96 827
8 10 193
8 456 403
8 341 269
5 733 498
1 30 295
8 328 424
8 803 182
1 561 263
6 30 874
2 968 718
0 823 686
1 832 285
1 145 596
6 499 28
8 545 215
8 653 739
5 150 663
8 802 364
6 62 276
8 197 13
7 579 6
8 362 201
5 97 779
1 527 973
4 675 756
5 759 201
7 751 993
8 43 310
9 982 881
3 861 973
5 338 482
2 74 578
6 342 529
2 471 367
4 865 967
3 230 509
9 71 23
7 896 467
2 614 620
3 819 433
8 991 993
5 986 153
8 328 346
9 13 611
3 567 229
7 133 369
0 610 873
2 915 246
4 785 747
0 209 465
3 860 450
5 899 127
2 778 324
8 71 500
5 321 627
2 79 514
1 298 787
0 516 732
7 65 116
8 432 923
6 890 138
3 742 937
8 576 249
6 170 184
2 165 112
3 924 554
8 238 663
1 704 21
6 274 729
9 208 548
6 433 748
7 920 39
3 433 566
0 56 505
0 808 809
3 256 405
0 205 13
4 908 236
7 41 403
8 867 412
7 562 867
0 42 810
6 175 58
9 94 251
2 431 416
0 192 962
0 548 81
5 279 831
4 502 339
8 672 960
9 37 198
9 544 616
3 241 535
9 786 727
2 223 123
8 48 996
5 887 366
7 494 358
2 196 726
9 458 698
1 1000 140
3 824 173
9 555 557
9 337 778
3 5 383
0 385 496
4 71 533
9 195 115
6 868 333
6 898 291
1 806 172
4 828 389
9 251 525
3 307 415
3 158 685
4 14 425
9 603 897
1 581 756
8 299 228
6 871 805
8 215 900
0 380 7
6 740 601
7 323 597
3 701 192
8 280 286
3 623 881
4 683 431
1 636 874
9 285 882
2 306 563
8 726 885
7 15 530
6 969 637
9 724 856
9 549 945
2 145 165
8 301 181
5 220 14
2 388 100
0 771 116
2 607 991
1 857 133
8 664 624
5 106 618
0 902 400
9 25 722
8 123 600
6 764 929
0 903 536
4 774 436
4 143 612
8 157 421
2 375 936
2 309 421
5 177 449
2 500 845
4 481 814
3 337 186
4 60 968
1 636 614
7 985 334
0 201 14
3 898 214
4 496 945
0 906 28
4 598 411
2 654 901
2 87 559
7 20 791
9 960 410
9 325 9
9 769 372
5 345 817
2 592 893
0 549 166
1 249 737
3 74 61
6 361 530
8 45 480
2 259 982
0 253 519
3 156 497
3 462 563
2 536 247
1 49 147
5 17 953
3 906 277
5 120 237
0 684 303
2 373 287
0 780 992
4 295 560
8 635 330
5 880 192
6 63 692
7 260 514
6 867 154
4 119 504
2 986 605
1 86 143
0 575 736
6 826 459
6 652 402
9 128 115
2 626 271
8 398 876
2 436 430
8 750 940
1 192 638
6 582 203
2 331 986
2 377 609
2 767 178
9 77 556
8 670 35
8 888 186
6 378 215
6 432 301
6 541 632
9 608 729
7 385 769
7 722 855
2 217 647
0 653 545
9 698 662
4 408 176
8 5 848
3 761 677
0 356 383
0 143 375
4 499 618
9 653 651
2 653 991
3 186 96
4 482 286
9 983 210
3 698 115
1 105 930
0 125 593
7 243 905
2 742 939
8 399 343
1 463 718
6 508 602
3 14 8
0 154 876
2 525 467
1 469 438
4 763 894
7 721 1
5 740 50
8 188 153
6 120 484
5 289 378
0 291 212
8 167 400
3 455 994
3 217 854
1 900 658
2 97 418
6 78 107
3 279 78
9 151 796
4 326 52
4 63 780
9 10 994
7 86 189
8 646 833
9 79 667
3 994 256
0 959 502
2 847 545
7 102 484
8 892 286
2 847 259
8 222 136
9 137 528
5 451 305
9 723 668
2 863 666
4 652 39
3 884 630
6 389 213
4 27 725
2 626 280
8 729 232
5 4 32
6 387 815
3 73 631
2 498 10
3 155 545
9 539 265
9 776 742
9 278 791
2 982 130
1 432 938
6 196 663
0 96 328
7 666 784
2 68 400
4 259 969
5 328 637
5 292 766
4 242 396
8 232 897
0 743 870
9 820 642
1 726 861
5 944 284
0 479 348
9 882 45
3 375 464
3 147 682
4 523 963
9 536 87
6 863 669
5 910 477
8 147 914
3 898 50
1 354 476
9 840 51
7 883 5
2 35 149
5 230 57
0 395 192
2 181 578
2 346 141
5 555 365
5 332 840
8 308 778
6 580 495
9 843 943
6 998 620
8 51 745
5 858 897
7 364 994
2 211 211
5 926 137
2 413 114
0 867 807
1 515 843
5 967 396
3 321 535
9 99 814
6 706 495
2 299 48
4 623 784
9 143 752
6 949 420
3 631 271
0 63 43
6 669 464
0 396 375
1 997 630
6 573 95
6 492 947
9 381 922
6 940 85
3 601 484
1 535 549
2 639 223
2 879 992
0 421 961
6 738 37
8 486 244
5 93 141
4 402 702
6 173 730
8 7 400
5 17 935
2 588 140
6 903 247
1 435 796
5 627 121
2 743 210
5 925 165
4 672 790
0 479 670
7 321 937
6 419 360
7 453 243
2 948 39
2 897 850
5 418 19
2 502 364
3 368 718
3 655 919
5 516 399
6 920 418
6 722 618
0 957 880
7 540 401
6 870 292
4 105 891
2 941 503
2 394 35
9 493 721
3 596 968
0 444 54
2 421 462
7 940 777
8 729 310
6 463 631
5 497 301
2 24 761
6 618 924
6 93 205
9 763 893
4 741 56
8 156 580
3 461 858
8 188 115
1 176 107
9 83 539
7 113 680
1 947 613
0 805 416
8 819 299
0 865 908
6 670 653
6 236 425
7 912 832
2 164 648
9 226 994
2 896 8
4 649 826
8 516 656
4 89 137
9 218 490
3 152 258
3 120 728
1 348 508
8 219 831
7 765 48
2 855 716
0 185 633
3 336 609
8 780 715
0 163 256
0 247 533
0 730 883
2 261 338
8 572 74
7 280 722
6 302 661
4 3 514
3 966 805
5 694 878
0 537 877
7 775 447
7 21 31
2 426 261
3 983 480
9 877 736
1 287 405
2 505 864
3 246 897
4 704 493
5 289 709
0 280 551
1 598 713
2 570 164
3 342 29
6 986 45
9 635 456
8 503 204
9 740 739
7 679 683
8 933 540
4 474 601
2 289 164
1 104 87
1 574 808
7 320 400
5 806 562
9 8 196
7 53 647
2 356 524
0 26 864
9 285 837
9 587 657
7 491 434
3 793 775
2 968 622
2 91 605
8 898 457
8 933 670
5 849 171
0 494 432
7 829 717
1 262 862
8 63 333
5 376 110
3 105 189
8 333 860
3 391 481
1 868 422
8 844 571
9 790 27
1 563 506
1 574 938
5 204 35
0 351 329
8 549 945
6 794 240
0 925 799
0 315 513
9 20 99
5 623 995
6 8 250
5 171 25
4 207 515
2 194 150
1 824 266
7 86 773
6 816 145
2 456 386
6 775 779
3 24 492
5 987 75
5 410 494
8 953 897
9 433 530
0 407 314
8 960 655
7 998 189
3 94 726
5 411 151
1 951 672
3 62 140
0 373 53
7 597 631
5 828 52
5 761 59
8 540 751
4 56 196
6 332 225
8 38 534
2 642 872
8 373 301
8 940 728
8 805 27
1 58 594
3 900 792
5 182 851
0 694 993
3 196 873
5 434 550
2 12 430
2 219 534
6 254 519
8 901 359
9 578 833
1 531 634
3 659 881
1 990 407
4 798 117
6 705 445
4 705 195
1 383 785
8 570 21
3 493 943
6 248 576
9 413 738
8 693 848
8 314 368
8 129 492
6 888 856
2 718 757
1 912 806
3 29 494
2 529 987
9 202 589
6 43 775
8 423 936
2 364 12
3 799 663
9 620 631
1 883 210
0 390 869
3 129 601
2 926 515
7 168 230
6 904 505
2 468 611
6 156 798
1 259 764
7 61 532
2 307 752
8 593 52
4 326 202
2 201 341
3 1000 231
7 609 748
9 640 501
6 820 211
1 211 87
2 318 11
8 630 451
8 101 637
3 368 162
3 173 854
7 106 684
8 362 349
0 811 652
6 467 534
5 314 790
7 87 215
8 110 132
8 954 162
5 67 760
9 197 678
6 983 18
0 41 25
3 86 242
3 29 687
1 906 394
1 716 231
0 19 475
0 813 457
1 174 912
6 783 226
1 357 747
8 483 172
9 862 397
5 640 60
1 934 251
2 496 817
8 390 785
2 374 386
6 171 890
8 7 410
8 512 482
4 509 654
9 738 265
7 614 963
6 206 708
4 805 465
2 554 418
1 653 368
9 67 745
9 882 844
7 595 324
8 5 632
8 412 363
1 692 561
0 408 162
9 98 474
4 604 392
9 698 508
3 577 294
7 613 494
3 55 134
8 842 839
6 581 663
1 171 326
1 670 559
9 957 118
4 207 163
4 298 334
5 972 751
6 602 783
7 424 369
9 942 977
1 808 92
2 976 918
7 181 742
5 975 877
7 28 109
8 464 847
5 281 452
1 830 65
4 508 558
3 185 437
4 13 846
7 839 165
5 66 339
3 686 969
5 541 39
4 961 666
1 624 684
0 958 710
2 575 947
2 396 499
6 343 280
8 323 348
2 255 382
3 467 11
6 591 629
6 758 899
9 166 324
9 187 616
8 975 815
6 801 842
7 68 818
2 498 64
5 263 311
8 157 95
2 154 67
1 468 754
6 188 463
4 372 849
2 477 125
4 714 896
0 627 339
0 714 131
6 255 253
6 132 19
0 560 370
5 816 451
3 511 912
8 489 686
4 152 61
8 113 188
6 275 149
4 580 407
7 701 472
1 226 560
7 483 399
4 825 898
7 74 695
1 308 881
2 50 503
5 65 64
3 847 67
9 987 857
9 168 226
2 827 864
4 6 101
0 540 368
1 771 407
8 828 804
6 566 402
4 603 454
7 599 501
3 657 846
0 199 728
8 915 696
3 258 690
1 722 19
6 247 744
4 90 327
0 116 726
7 809 191
8 491 653
8 451 494
1 173 290
6 684 931
2 761 620
1 462 708
2 449 811
8 263 821
0 526 485
9 470 50
6 418 684
9 478 622
1 610 153
1 626 942
2 260 187
5 802 192
0 748 61
4 142 193
4 70 683
2 129 241
6 314 582
2 210 302
5 486 939
6 803 826
5 424 773
2 836 563
8 813 213
4 859 765
0 749 165
5 194 35
4 933 489
5 611 230
7 834 763
1 788 685
9 391 746
6 868 863
6 892 894
3 231 70
9 345 314
6 516 770
8 635 832
2 708 590
6 63 66
0 608 314
3 722 675
1 163 97
2 264 357
9 389 98
4 89 663
2 115 995
2 92 958
4 154 897
1 553 451
2 468 153
0 756 935
3 553 214
8 319 931
4 590 205
9 178 932
3 661 168
7 124 201
8 803 137
1 386 272
9 838 777
7 188 335
9 306 551
4 280 342
1 235 3
8 733 717
1 415 352
2 675 667
3 648 202
0 281 46
6 320 491
0 241 834
2 513 707
3 375 96
1 497 440
7 572 528
6 277 20
3 285 91
7 906 933
6 965 49
4 23 382
5 138 713
0 863 120
3 800 283
5 561 8
5 323 528
4 353 829
6 535 570
8 658 685
8 236 909
9 803 81
1 674 748
4 922 40
0 217 721
8 256 391
4 583 118
8 995 534
9 892 72
3 571 610
4 22 998
0 211 732
5 929 8
3 896 179
0 296 83
0 960 914
2 567 831
3 737 213
2 960 251
7 947 864
1 641 633
7 332 671
1 281 988
7 800 847
3 430 97
4 99 434
9 89 908
1 812 209
5 925 301
3 204 611
5 997 133
8 553 853
0 148 599
2 531 129
6 79 956
5 391 85
1 937 449
5 484 2
9 741 561
4 764 114
0 482 201
8 782 250
5 515 964
1 549 906
0 394 310
3 396 350
5 339 430
7 285 127
8 964 626
8 446 8
0 211 750
6 133 924
0 652 217
8 504 378
4 95 486
4 189 523
1 59 585
5 329 447
8 176 269
5 11 673
4 35 163
4 751 999
5 604 542
0 386 750
6 196 144
8 538 203
4 655 233
6 725 206
6 21 616
2 902 386
1 122 912
7 332 245
6 582 367
0 37 802
5 826 589
0 30 962
2 380 649
3 381 666
6 107 635
3 303 546
9 269 176
4 166 303
9 654 10
9 365 192
7 95 715
7 671 957
1 856 239
7 534 187
0 91 490
0 153 632
8 389 956
8 652 720
4 151 128
5 204 410
8 324 468
7 677 1000
9 916 137
2 825 342
6 307 746
7 732 861
5 188 28
9 792 350
4 22 554
3 364 744
8 544 858
7 547 914
6 939 32
2 278 70
0 712 895
1 242 833
9 569 209
1 936 219
2 155 273
0 121 932
8 465 151
6 193 358
4 937 104
3 608 280
1 941 928
3 819 391
2 630 77
0 386 44
9 831 89
9 25 134
4 657 622
6 368 531
4 821 264
1 514 309
5 885 264
3 375 939
4 947 32
5 940 432
4 815 902
8 495 366
9 664 392
5 932 203
5 224 754
6 270 352
2 149 678
0 941 556
1 565 794
7 669 986
1 547 648
7 975 738
0 565 965
8 288 846
3 596 356
8 427 269
4 962 766
0 996 724
2 419 377
0 205 71
6 746 936
7 365 163
9 224 461
2 137 322
1 55 779
7 350 18
2 150 729
1 697 388
7 878 935
9 621 737
0 799 458
5 973 232
8 164 558
4 958 715
0 969 10
8 748 294
5 911 855
9 78 774
8 530 118
9 459 444
1 3 33
5 715 70
6 97 593
2 692 6
3 411 20
2 323 118
2 542 410
3 434 468
2 378 262
6 275 935
2 293 929
7 954 866
7 17 917
7 33 54
7 62 856
0 92 621
6 435 769
4 924 264
8 600 184
1 130 796
8 711 348
7 442 136
4 166 689
4 640 36
7 317 725
0 954 876
1 250 743
3 165 464
5 700 289
0 596 420
2 232 937
3 297 688
7 443 635
0 270 692
4 973 204
7 160 704
6 341 70
1 329 939
7 649 392
9 302 892
3 210 257
4 788 532
0 490 609
3 275 34
9 755 891
7 623 899
7 386 193
3 481 367
8 772 775
4 90 164
2 851 92
5 893 638
9 401 729
3 471 121
8 897 293
2 611 246
6 778 305
2 326 833
0 49 303
8 709 10
0 888 440
8 360 648
5 488 855
8 173 398
1 652 570
3 822 268
3 781 88
2 697 824
1 276 931
9 931 853
6 35 287
2 678 709
4 369 357
0 175 864
9 865 425
1 17 141
1 6 753
1 814 5
5 780 993
8 386 752
5 699 548
0 521 118
8 511 670
9 706 562
1 467 789
9 252 562
0 152 829
5 511 724
1 865 844
6 512 843
7 534 460
3 549 236
9 273 717
3 657 708
1 770 655
2 832 152
3 286 213
8 923 182
3 899 766
0 424 206
0 335 516
2 896 292
7 365 838
7 4 246
6 119 44
4 678 21
0 435 832
5 898 764
9 92 657
3 967 25
4 444 303
4 982 432
3 127 18
4 185 263
2 884 350
2 929 295
0 933 335
2 80 685
6 99 298
5 757 31
9 556 989
4 320 361
4 107 891
8 494 294
9 161 782
4 992 967
5 397 721
5 811 452
6 889 276
7 955 555
8 325 813
7 941 697
4 679 455
1 745 809
8 615 694
9 671 225
8 613 437
9 366 362
0 680 734
7 48 327
6 532 546
8 426 273
0 817 844
7 397 222
9 160 520
2 881 702
9 201 475
6 331 575
3 791 897
0 164 602
6 522 459
4 323 351
9 411 867
9 855 579
5 558 495
3 991 344
3 592 92
5 780 610
5 3 503
1 900 427
5 590 951
8 673 10
6 756 414
2 953 227
2 434 941
4 678 771
8 840 799
7 167 596
6 121 63
7 914 215
9 8 20
0 769 797
2 887 388
6 518 644
5 421 328
0 855 636
1 487 30
3 546 43
8 855 910
1 86 984
2 306 26
1 999 8
3 981 673
8 675 332
2 644 176
5 821 498
1 377 613
8 895 393
0 341 896
6 958 243
1 994 582
0 917 436
4 636 998
3 123 140
6 47 41
0 570 730
7 698 655
5 646 738
9 106 928
3 469 704
7 502 628
6 288 645
7 219 794
3 239 920
8 380 943
0 484 155
7 86 370
8 764 880
4 682 164
1 875 167
7 470 430
4 244 651
8 477 66
7 690 487
5 347 435
3 300 85
9 289 323
4 753 781
0 978 576
6 240 227
7 920 160
4 374 829
5 91 305
2 469 537
2 628 889
3 722 575
4 520 845
7 314 527
6 607 835
5 281 855
6 91 994
9 343 125
1 497 707
9 824 755
7 576 71
7 41 518
1 579 923
6 547 708
1 189 650
5 165 555
5 676 946
0 469 921
5 526 332
0 27 248
7 505 385
9 396 511
2 37 2
7 477 580
7 33 52
5 252 900
0 937 926
6 161 940
0 345 182
1 627 445
6 94 686
3 419 408
7 357 968
5 949 149
1 885 426
6 575 178
5 263 747
4 201 849
4 716 668
8 814 59
6 740 748
6 227 82
5 504 156
2 631 496
6 484 672
0 148 793
3 650 913
5 512 188
9 746 808
5 224 889
2 503 55
9 533 527
4 397 839
4 190 137
0 779 534
2 976 15
5 453 51
5 821 759
8 296 887
1 202 941
2 136 512
4 229 525
6 811 733
3 657 426
1 127 219
9 884 966
6 87 370
8 691 555
6 740 374
9 931 104
3 517 759
1 930 402
7 214 911
3 193 200
7 891 496
1 409 998
2 64 182
7 942 786
5 468 39
6 358 541
7 830 55
0 867 159
8 505 24
8 264 248
4 361 381
2 360 772
3 613 486
7 892 519
7 404 416
8 725 303
4 254 437
1 83 182
3 14 192
3 213 852
6 665 895
6 862 199
5 434 802
7 441 560
1 462 474
5 332 377
0 917 27
6 522 893
9 270 674
4 764 977
5 488 460
1 857 119
7 17 756
7 415 783
9 862 845
7 266 182
4 189 435
0 744 764
1 447 397
4 494 556
1 331 415
4 902 18
6 109 913
5 177 248
7 123 147
5 41 612
6 470 347
0 596 675
4 706 461
1 396 694
7 739 821
4 523 634
5 321 844
4 202 423
3 127 750
4 362 45
8 506 221
4 652 373
5 339 276
1 700 535
1 598 350
6 946 73
2 785 299
1 116 423
7 90 119
2 25 389
6 319 238
7 208 829
4 131 646
6 500 170
0 5 955
9 34 871
1 246 547
7 998 990
1 90 132
7 825 981
8 436 404
5 799 45
5 515 220
7 665 828
8 941 601
1 141 287
9 37 791
6 86 896
7 292 691
0 637 329
9 405 733
4 991 733
4 178 73
6 602 584
0 357 712
3 177 774
6 439 627
4 62 602
2 449 508
5 1 358
9 782 682
6 95 662
3 681 727
9 535 231
5 999 512
5 484 303
9 497 258
9 943 705
0 906 261
7 976 92
1 255 294
5 241 508
1 761 746
7 566 196
1 828 819
0 996 609
5 711 945
3 958 311
0 142 213
5 279 549
6 864 308
9 687 471
5 820 368
1 969 902
0 368 942
7 382 895
2 755 183
0 578 475
6 503 104
8 22 940
0 408 807
3 841 214
5 156 989
4 353 995
9 934 241
3 999 709
9 201 240
0 806 99
1 570 704
5 116 856
8 895 76
1 971 868
7 292 376
2 577 717
6 850 492
5 462 903
3 512 32
2 950 210
5 696 29
5 895 967
6 253 529
5 462 625
0 173 705
5 824 167
2 117 376
6 71 874
2 890 725
9 760 437
0 126 865
1 278 317
0 47 53
9 764 391
0 247 325
5 331 14
4 509 335
9 399 92
8 262 429
4 33 470
0 760 870
2 372 654
4 992 103
7 674 326
8 492 961
2 225 102
5 626 912
8 433 382
0 767 259
8 703 703
2 328 459
4 255 487
0 735 371
4 408 231
2 843 898
3 442 277
1 365 183
1 848 362
6 551 652
6 907 936
9 489 998
7 448 185
3 260 886
0 639 404
2 711 507
2 478 186
1 133 828
2 464 983
6 993 697
6 9 201
5 887 265
2 53 842
4 246 739
3 108 63
8 116 437
7 408 459
6 907 635
5 617 425
2 416 696
3 87 401
3 352 30
1 225 524
5 154 805
9 6 337
5 365 174
8 825 390
6 351 40
6 475 240
4 430 417
4 47 464
4 570 963
9 610 113
7 69 88
0 798 658
7 688 934
9 162 656
0 70 866
1 614 486
3 122 957
0 136 152
9 992 34
5 831 418
3 3 215
3 458 273
9 537 551
3 432 47
1 413 28
6 639 494
2 274 731
5 972 478
4 94 310
3 574 21
6 292 158
5 524 989
9 456 412
3 60 623
6 51 620
9 651 46
9 721 700
5 802 138
4 601 141
6 38 40
2 743 23
8 222 932
8 229 235
9 802 921
9 439 489
7 105 650
8 854 130
3 179 612
8 623 529
9 2 753
9 817 755
4 226 78
8 538 997
6 793 332
0 290 377
8 319 22
3 11 907
8 823 711
0 426 400
8 216 285
3 61 828
9 140 379
5 285 755
2 585 884
5 354 570
8 177 713
5 183 878
2 260 805
3 401 108
9 111 252
9 494 691
6 387 356
3 685 879
4 79 657
8 499 665
1 860 118
1 819 519
6 172 313
2 797 361
1 437 345
6 931 534
8 855 522
4 942 483
7 352 366
3 458 661
5 890 939
5 9 818
1 769 332
1 623 209
9 711 894
0 819 939
8 686 342
7 452 649
7 945 425
7 873 836
6 718 223
1 782 669
4 411 944
8 81 259
0 438 660
5 808 825
7 537 908
4 965 236
6 224 66
6 204 754
6 885 824
9 869 815
2 12 169
4 331 16
8 819 462
4 716 226
3 908 864
1 694 302
0 318 932
8 533 291
4 619 10
0 397 742
8 724 132
4 206 73
3 38 481
6 312 16
8 655 259
2 140 164
6 662 993
1 443 893
5 671 306
0 377 714
1 189 415
2 870 279
1 421 923
5 227 363
1 375 843
6 629 899
2 433 861
3 950 776
5 467 827
6 925 818
6 870 402
7 188 344
8 939 74
0 983 765
8 644 496
6 203 451
1 440 576
2 681 103
7 312 190
5 919 467
7 1 50
8 26 800
8 23 841
5 472 711
9 174 204
6 566 511
3 841 831
6 7 570
1 992 126
7 875 472
2 675 979
9 428 532
9 820 28
1 25 607
4 693 762
9 331 936
0 905 434
7 984 635
1 670 676
6 464 142
4 294 151
4 126 574
3 941 398
8 536 354
8 495 840
6 520 340
8 2 935
1 161 132
8 833 280
2 11 851
5 124 777
1 356 282
8 420 70
1 522 419
1 732 577
6 713 363
3 713 863
6 689 286
1 50 602
1 962 870
7 5 940
9 394 89
9 768 526
4 204 339
4 997 94
3 80 268
4 316 6
9 731 472
0 34 520
9 570 663
1 729 347
9 533 535
7 367 14
7 442 934
5 992 789
6 152 397
5 409 860
9 957 807
8 691 187
7 576 663
1 215 937
5 460 97
8 643 139
9 331 456
1 435 197
6 28 743
0 707 741
3 375 726
7 751 512
8 106 109
0 901 298
3 174 223
5 595 180
0 851 706
8 739 914
6 727 406
2 286 572
7 986 752
4 209 5
7 225 915
7 108 39
6 514 337
4 378 449
0 259 682
5 448 319
4 854 218
8 592 821
8 742 778
7 586 766
4 278 484
3 728 781
5 206 569
9 970 739
6 389 265
0 820 462
5 958 391
6 245 640
4 424 868
1 323 619
2 451 864
8 640 671
2 896 852
6 72 385
9 579 542
8 140 902
4 131 306
9 831 463
3 31 446
7 889 584
9 47 954
6 357 314
0 541 658
0 414 469
5 448 567
6 64 678
1 59 216
9 248 900
3 236 922
7 836 944
4 400 713
3 32 502
4 204 789
9 112 828
6 124 676
8 738 38
9 277 259
9 673 434
6 275 468
6 460 151
6 862 218
4 869 317
7 13 672
1 525 486
2 956 100
4 843 598
3 737 650
8 350 706
4 556 898
2 266 382
3 226 467
3 421 944
0 152 946
2 575 986
6 801 845
3 648 67
9 277 755
3 219 83
1 124 528
1 38 283
5 811 415
2 420 878
2 151 169
2 701 92
7 726 88
9 755 96
4 482 640
4 952 577
0 492 783
7 119 246
7 555 826
0 95 26
5 695 473
6 385 595
5 908 111
9 804 332
7 604 3
0 863 874
2 135 356
8 115 271
1 253 744
3 948 694
4 200 772
5 362 397
4 380 904
1 584 351
3 356 299
5 378 168
1 336 627
4 956 367
6 496 915
5 884 389
3 923 935
3 642 845
6 483 563
8 416 103
8 36 311
5 555 938
7 440 253
9 834 334
0 986 253
7 840 826
2 694 975
5 270 641
5 82 105
3 589 564
2 298 508
0 134 976
7 979 426
9 308 420
6 959 684
3 962 55
7 782 437
6 766 615
2 923 802
0 912 847
0 859 716
2 95 400
5 949 524
1 812 190
0 537 865
1 371 51
7 221 969
6 569 601
6 805 667
7 860 271
4 276 990
4 176 649
0 599 641
1 390 361
2 237 834
6 98 443
8 368 493
6 652 302
3 284 715
5 49 147
3 80 74
3 188 456
5 189 256
6 500 883
5 870 105
7 953 180
3 87 105
3 827 824
8 976 521
5 288 178
2 673 596
3 295 661
8 373 70
0 725 470
6 789 314
9 102 787
5 689 244
2 239 845
7 428 881
5 205 465
7 272 436
8 34 852
8 106 67
5 855 152
8 846 54
8 52 189
0 427 71
7 478 201
2 597 895
3 434 610
3 612 527
0 136 778
3 87 901
3 332 623
5 62 578
9 836 677
5 655 185
4 710 602
0 560 307
7 285 427
1 402 869
8 601 766
9 276 723
0 527 369
9 291 670
7 386 791
5 476 370
8 504 233
1 175 260
2 89 511
2 557 444
5 624 219
5 28 936
2 725 250
6 244 553
3 196 117
1 17 549
8 854 670
1 872 485
0 504 136
1 218 99
2 667 655
1 895 339
9 875 540
6 937 360
6 622 538
0 781 67
7 176 214
2 829 680
9 789 103
1 577 196
4 322 720
4 133 607
7 938 187
5 330 118
7 416 425
6 636 20
5 357 173
8 306 79
5 682 574
3 579 969
6 897 929
0 824 745
3 986 264
5 898 41
4 788 171
7 355 497
4 423 287
6 248 616
2 20 869
4 445 428
3 494 631
5 429 313
4 895 541
9 509 294
7 250 522
4 198 485
8 409 791
8 985 611
6 270 974
1 544 552
8 459 834
1 804 657
2 793 406
6 207 888
0 514 833
5 284 318
3 258 446
6 784 569
6 983 856
2 502 879
6 476 171
8 221 147
6 85 401
0 292 241
1 939 696
3 825 261
8 217 518
5 567 323
3 328 24
6 484 70
2 757 506
1 633 83
7 490 72
2 552 458
1 261 946
8 758 288
7 422 355
8 476 866
5 958 561
2 92 697
5 432 364
3 537 631
7 131 755
5 63 957
5 498 967
8 938 121
0 298 449
9 361 154
3 605 48
0 232 171
2 207 351
8 985 818
3 830 159
4 926 666
0 296 49
5 267 987
3 156 771
2 337 750
5 529 700
0 936 742
5 415 230
0 636 679
2 721 883
4 166 467
2 91 233
9 259 556
1 509 448
0 410 363
3 421 753
3 581 585
9 284 677
3 596 646
7 693 793
5 663 159
9 739 723
7 876 182
6 573 961
4 606 505
0 401 434
7 867 363
4 105 935
2 827 556
1 38 906
4 836 465
6 865 524
8 789 118
3 384 112
1 435 568
6 867 209
2 851 66
5 150 860
2 909 611
3 524 586
5 121 76
1 786 962
3 154 963
4 920 819
9 340 809
9 448 198
9 625 76
9 688 666
1 825 280
4 84 325
1 306 145
7 181 757
2 898 479
2 891 401
7 921 796
4 634 493
0 225 263
6 456 541
1 648 673
6 359 42
7 538 858
3 851 737
1 61 836
2 107 792
3 107 119
5 422 719
3 725 703
5 25 121
5 438 411
2 264 878
9 168 305
6 671 852
5 322 75
1 805 518
8 183 252
9 627 230
3 941 287
9 718 549
7 26 670
1 304 663
1 254 81
5 269 576
9 342 179
3 744 984
1 338 415
8 188 421
7 574 16
4 866 443
8 853 645
8 7 105
7 329 483
5 293 2
7 451 623
8 319 101
8 364 162
1 958 36
0 910 613
4 929 117
5 145 713
4 143 317
8 450 392
3 959 674
1 15 881
6 817 332
5 663 821
0 317 751
7 451 613
4 115 794
6 94 240
3 558 587
0 630 831
0 755 88
1 190 907
9 504 87
5 600 331
4 22 898
4 432 126
8 366 920
5 373 506
0 163 539
8 745 922
9 581 118
5 150 722
1 789 840
4 312 265
6 482 452
8 379 124
1 224 872
6 273 265
2 874 906
5 14 678
2 219 67
6 200 257
2 385 601
6 755 610
3 488 410
6 768 482
1 72 446
6 166 159
4 312 998
6 717 18
3 809 675
4 917 999
5 939 365
2 920 470
4 597 633
7 287 786
8 679 546
0 283 182
1 992 537
3 316 377
3 758 284
9 126 622
3 691 924
0 591 685
0 589 505
1 912 378
2 211 521
2 896 385
6 891 764
4 233 761
8 976 806
9 198 581
2 351 731
5 815 662
5 993 282
6 548 213
2 157 709
5 998 715
8 806 738
4 386 370
4 938 28
5 780 455
0 374 370
1 527 527
7 391 462
4 701 202
0 107 878
3 925 23
6 635 209
1 812 558
5 467 112
9 29 494
2 828 263
1 795 65
8 992 756
0 979 501
2 159 416
7 468 961
9 210 1
4 405 290
5 277 415
3 32 582
7 636 658
5 103 239
0 817 207
7 775 903
3 365 310
1 18 394
0 705 238
5 752 734
5 168 420
3 710 253
0 969 762
6 675 182
3 990 42
4 28 287
7 286 354
0 596 95
5 42 606
1 344 659
3 370 792
5 362 638
2 22 758
0 902 632
1 955 837
5 448 827
8 197 197
0 420 361
9 217 148
6 11 349
8 249 94
1 320 398
8 416 378
0 485 233
5 469 653
1 986 763
9 227 14
3 984 684
1 918 83
2 252 304
3 882 13
9 862 13
5 326 634
0 745 953
4 174 705
9 912 311
4 225 722
7 915 830
7 442 403
5 333 933
0 164 186
3 921 374
1 620 964
3 93 678
8 722 322
2 648 320
5 829 444
7 357 276
0 393 415
1 864 826
9 813 436
6 997 360
9 229 735
3 985 22
7 211 518
8 72 241
2 76 872
9 343 634
8 212 831
9 163 349
4 363 899
5 195 543
2 850 362
0 969 46
0 127 878
8 484 445
7 343 129
5 589 289
5 782 482
5 149 389
7 618 975
4 448 988
0 607 641
8 576 911
1 609 720
8 53 879
9 231 156
1 746 997
2 80 300
3 227 804
7 653 771
1 504 752
8 714 481
0 467 913
0 585 133
4 906 618
4 206 473
7 82 157
8 969 514
6 286 163
1 660 571
0 919 882
0 548 630
2 24 464
2 407 925
8 144 587
3 868 536
1 159 2
0 989 625
5 689 278
2 893 899
5 82 947
9 910 982
8 446 556
7 563 348
4 308 383
9 890 819
2 643 775
3 812 580
9 70 392
8 678 471
6 33 59
3 801 904
8 148 130
3 248 643
7 579 568
4 883 927
4 818 929
0 353 963
0 465 23
0 411 131
2 934 495
1 714 306
2 748 443
3 387 578
1 72 331
1 531 653
6 731 947
4 596 110
9 82 263
1 721 323
0 317 773
4 624 748
9 994 937
5 358 186
5 798 493
3 601 265
0 663 733
2 501 644
1 686 615
0 257 187
2 650 609
4 70 27
7 720 481
4 340 414
4 611 249
9 999 978
5 616 61
5 987 565
9 848 75
8 12 254
4 520 974
5 115 395
2 257 606
1 80 500
5 195 297
5 854 321
8 374 159
8 69 508
6 579 461
3 272 690
3 876 701
7 401 973
9 159 447
2 940 309
1 861 7
6 874 122
4 249 143
8 808 546
3 727 970
5 275 812
2 287 983
9 263 768
4 519 271
8 39 121
6 270 766
1 455 414
1 559 996
1 343 702
3 975 1000
3 362 927
3 285 466
9 415 152
4 668 329
3 8 331
7 461 303
3 717 616
9 763 418
6 61 939
9 121 413
4 509 832
8 734 187
5 607 252
4 942 620
5 614 488
8 330 146
2 340 135
2 354 20
9 314 869
9 277 875
9 721 391
7 669 469
2 69 563
5 740 408
3 54 924
3 797 682
6 315 217
5 102 635
6 81 743
8 662 860
5 912 726
2 410 170
5 840 702
0 649 419
5 970 779
1 679 506
6 467 386
7 907 995
1 609 976
6 237 120
3 649 478
4 968 237
3 282 442
3 519 508
6 994 658
0 761 155
9 41 12
2 987 55
8 149 745
3 539 288
0 870 588
3 868 847
0 556 886
0 665 903
2 994 601
9 927 56
3 989 917
3 372 364
2 961 323
5 669 598
7 370 521
3 209 624
9 594 123
5 328 225
8 780 241
5 83 473
2 725 797
1 752 176
4 851 56
2 890 921
2 532 130
9 591 657
2 625 492
2 428 758
9 926 769
8 755 296
3 809 358
0 123 42
2 849 80
3 484 70
4 66 627
6 942 340
9 910 983
2 206 477
1 280 241
4 507 312
0 953 790
5 80 737
1 725 54
3 988 818
3 985 223
4 629 193
7 156 524
4 960 209
8 605 661
7 185 998
8 679 473
6 965 914
3 368 718
7 592 267
3 201 494
8 628 386
7 983 559
1 387 391
9 599 268
7 549 856
9 384 255
7 236 751
2 643 687
8 364 850
9 461 694
4 988 191
0 617 77
6 484 384
4 210 302
3 281 739
7 310 552
1 226 567
4 108 457
8 317 897
8 517 140
9 852 231
8 571 316
5 445 442
0 253 881
6 59 830
1 881 36
6 398 425
3 328 756
6 61 942
9 227 832
3 406 963
6 541 203
5 807 829
2 552 135
3 769 624
2 240 831
7 699 556
6 8 954
6 257 257
5 1000 334
4 598 979
4 863 476
9 555 595
1 394 824
7 549 915
4 187 872
7 751 563
3 509 497
6 239 372
1 410 323
1 648 162
2 222 185
4 869 769
0 471 244
9 477 699
2 693 375
7 657 304
5 150 872
6 894 155
7 888 956
8 837 742
6 575 433
2 138 544
6 110 575
0 733 987
2 552 425
9 303 766
0 54 708
4 14 866
7 790 163
6 851 62
3 906 106
2 783 893
2 294 283
5 594 328
6 591 867
1 680 574
9 663 799
2 80 739
7 958 646
9 434 497
8 66 804
1 664 27
5 528 700
1 335 48
5 917 493
1 429 34
6 421 607
1 219 47
4 165 720
0 329 938
4 582 441
6 682 946
9 18 971
0 236 243
1 829 586
7 180 428
4 856 463
2 143 936
0 145 931
8 253 545
4 899 26
5 552 366
2 62 467
4 424 190
2 786 899
1 632 616
9 997 175
8 119 216
5 335 265
9 698 13
1 721 918
7 547 843
3 310 244
5 78 396
4 186 237
9 10 133
9 477 864
6 670 313
2 669 64
0 290 538
2 468 62
6 640 936
9 3 313
4 919 169
1 878 364
4 349 82
3 601 869
4 76 319
9 54 671
1 560 590
0 449 500
7 873 730
0 837 463
4 98 698
0 159 929
6 801 1
2 91 500
3 85 553
2 702 755
0 264 682
7 76 767
2 775 920
8 773 122
6 858 845
6 933 915
7 721 580
7 548 13
1 814 72
9 664 164
5 840 191
4 44 122
9 187 90
3 861 304
9 650 179
5 270 182
6 795 708
6 809 381
5 396 878
3 547 639
1 591 660
7 67 402
9 715 591
6 964 152
5 26 612
2 589 706
7 33 840
8 795 661
0 274 588
6 289 957
2 954 413
2 162 47
3 212 796
0 396 41
6 214 788
6 610 417
9 727 300
4 447 16
2 313 533
8 568 282
1 826 128
0 92 283
1 81 812
7 211 973
8 777 150
7 630 551
0 839 413
6 409 624
8 253 842
3 413 565
4 569 703
7 234 1
2 204 820
2 72 704
9 119 981
6 829 662
2 792 760
4 708 66
2 868 65
2 90 950
7 283 511
5 484 607
2 894 107
9 897 763
2 987 757
8 449 206
9 192 201
3 641 315
4 289 843
8 156 676
6 159 78
7 259 807
4 359 13
0 90 187
2 275 648
8 209 234
9 771 927
4 161 66
8 504 485
6 969 717
9 630 68
5 160 542
2 493 654
5 447 410
9 474 695
4 268 553
3 636 439
0 474 239
0 875 262
1 456 632
3 315 974
6 845 204
5 507 468
8 500 643
6 145 651
3 561 120
9 772 822
0 794 160
8 852 535
5 258 984
0 225 472
3 924 488
3 217 751
3 472 545
1 118 889
4 555 621
5 269 891
7 831 336
3 424 764
2 324 811
6 596 883
6 640 47
9 727 561
8 700 478
1 831 617
6 417 442
6 506 548
5 342 852
0 786 285
1 932 361
8 746 653
7 970 36
6 126 421
3 76 184
0 244 680
2 489 22
0 835 308
3 341 301
1 217 158
8 631 573
2 74 654
3 68 177
1 63 948
4 568 665
8 266 424
5 421 730
4 732 898
1 93 873
5 952 293
0 316 135
8 1 606
9 481 136
5 419 39
6 638 933
6 501 482
9 784 854
0 983 738
8 129 561
9 716 476
5 80 434
4 906 480
6 298 782
4 503 918
5 27 526
4 790 752
3 246 769
4 796 741
3 859 331
9 677 376
5 19 994
7 360 382
3 335 966
2 10 982
8 128 533
2 107 166
5 766 122
8 503 914
7 386 329
4 300 632
9 954 311
7 642 94
1 889 304
2 614 925
1 87 394
6 630 720
2 83 664
8 379 207
3 876 694
6 782 184
2 711 816
8 527 175
1 985 60
4 755 390
3 804 918
6 168 256
8 810 822
4 761 870
9 804 959
7 316 75
0 275 313
2 807 630
0 748 392
9 706 861
6 620 635
3 781 199
0 709 45
7 436 390
0 615 234
3 714 139
3 712 47
9 541 900
7 489 846
0 702 326
2 453 170
1 687 560
9 550 793
9 539 640
9 621 799
3 407 327
8 776 334
2 403 146
6 578 910
4 981 404
2 585 415
6 142 560
6 444 759
0 462 315
6 910 259
3 538 470
5 645 875
7 963 938
8 191 479
2 943 486
4 207 654
3 919 644
9 677 187
7 10 777
5 532 823
7 516 878
8 844 536
3 34 196
1 879 91
9 174 725
8 993 704
9 457 45
9 129 877
5 652 720
2 606 773
7 508 151
9 271 402
5 867 347
0 460 654
5 686 610
6 523 363
1 892 755
3 968 118
7 833 870
6 880 731
2 800 497
8 793 951
3 278 202
7 114 756
8 747 185
9 856 662
6 391 696
1 981 444
9 590 762
7 266 544
1 290 908
5 69 101
6 281 323
0 131 725
9 255 589
4 662 405
0 776 813
8 404 651
7 741 100
4 789 994
7 556 140
7 479 166
9 857 243
6 111 969
0 197 522
8 312 845
2 744 279
1 393 120
7 389 189
6 941 480
8 110 913
5 536 530
6 992 112
0 98 88
1 719 577
2 306 194
7 218 736
0 239 694
2 646 492
0 181 163
1 9 928
9 859 936
1 251 881
5 935 999
4 284 416
6 182 425
7 522 695
4 205 669
3 155 385
8 297 1000
3 121 825
1 216 672
0 456 693
4 185 267
6 953 549
3 589 805
2 230 93
9 356 412
8 424 721
7 413 940
6 144 962
5 643 972
3 213 151
9 973 586
4 540 456
7 873 871
4 796 59
4 998 670
5 705 344
9 634 335
1 252 211
5 288 482
0 622 606
0 568 372
8 959 702
1 266 219
1 85 515
3 27 492
0 330 64
9 950 300
6 279 579
4 888 911
4 901 117
2 643 183
0 488 778
7 764 533
9 52 645
0 451 181
3 797 211
2 256 403
8 310 920
8 326 239
6 141 465
5 927 763
2 196 922
5 582 69
5 646 810
2 502 115
9 182 904
4 182 15
6 616 897
7 595 737
1 178 595
2 613 273
3 806 171
0 610 172
0 286 173
5 648 355
5 324 508
4 420 405
5 63 122
6 702 985
2 43 979
3 569 551
0 658 593
7 589 456
0 332 700
7 512 349
5 530 211
0 806 337
6 124 245
4 84 178
7 490 724
3 789 554
5 908 619
1 978 949
2 469 272
3 821 418
3 899 598
9 81 646
9 52 928
2 297 413
5 903 810
0 161 515
9 439 29
4 533 913
4 401 752
9 375 504
2 766 116
8 110 583
6 952 884
7 904 342
1 458 699
0 336 380
7 809 457
6 836 170
2 935 195
7 719 697
8 444 290
5 285 24
9 884 568
5 601 786
3 593 314
3 784 641
5 789 469
6 210 468
1 52 711
6 468 786
9 632 819
8 975 506
6 126 531
5 578 598
4 318 667
6 1000 472
0 598 868
1 932 447
5 12 538
6 560 281
8 407 924
4 664 776
5 513 149
6 135 501
0 698 731
3 814 405
5 138 37
5 90 878
4 791 259
9 897 558
3 244 125
5 913 845
8 895 749
6 659 569
0 961 978
1 841 775
1 821 451
9 13 775
1 534 747
9 444 525
3 726 630
5 93 226
2 563 658
8 934 12
7 774 1
3 137 420
9 164 449
1 698 617
1 508 918
7 299 3
0 383 88
3 965 761
5 216 480
4 918 243
9 71 374
8 952 527
2 138 432
2 208 163
2 311 15
7 500 142
5 438 388
9 296 820
6 138 606
7 802 345
6 535 109
8 771 151
8 729 811
1 905 56
3 48 208
3 761 574
4 790 942
1 563 854
3 626 328
4 110 148
8 800 452
9 954 816
3 522 82
1 238 640
8 975 394
1 712 391
0 754 409
4 376 584
7 2 521
5 692 937
7 451 891
9 983 706
5 254 689
5 708 732
0 856 276
1 237 576
5 842 153
9 239 804
6 894 290
0 521 604
0 136 117
7 930 607
6 986 233
9 779 401
0 813 609
5 695 582
7 978 512
4 430 644
7 587 462
3 553 398
8 992 820
9 725 361
2 766 347
4 51 534
5 676 595
1 841 26
1 638 646
6 577 459
3 768 388
5 602 981
8 133 779
6 447 666
4 897 382
8 348 509
3 848 13
2 65 773
8 516 78
3 5 764
6 178 147
5 739 1
8 694 165
9 933 870
9 494 164
2 826 318
2 721 818
9 100 576
2 884 558
0 787 344
7 243 580
8 594 834
7 232 740
5 451 293
0 912 258
5 244 370
3 470 822
9 911 823
6 538 583
7 242 730
1 314 70
3 814 140
7 526 200
9 137 220
2 926 288
6 67 307
7 34 857
4 374 308
4 908 522
5 599 425
6 326 255
8 712 846
2 655 564
1 103 836
8 72 591
3 530 657
4 972 578
0 2 358
3 988 159
4 943 164
8 806 480
6 286 302
4 634 307
0 471 607
7 762 462
5 676 491
6 481 92
9 457 300
8 807 533
3 985 538
6 268 228
6 146 911
0 361 392
2 622 570
0 316 325
1 701 483
3 119 807
1 459 189
2 734 971
3 596 839
0 227 952
2 104 120
0 805 823
1 510 799
2 961 382
5 196 685
4 418 197
7 257 247
5 835 143
7 113 424
3 114 617
6 539 45
9 492 609
9 128 153
0 408 806
9 916 669
4 955 645
1 394 601
3 644 135
5 950 50
2 25 776
4 87 40
5 492 770
4 431 506
2 645 758
3 722 541
7 737 538
5 38 883
2 103 271
6 125 374
8 333 292
0 725 77
2 796 294
9 353 874
2 554 861
9 111 63
3 905 216
0 785 661
5 589 762
9 163 302
7 314 435
6 872 867
7 204 383
3 607 562
8 509 352
8 848 864
0 445 868
7 424 106
9 322 490
5 453 582
5 353 270
3 793 371
4 492 255
6 402 191
6 529 594
9 851 835
9 302 942
3 210 430
1 167 448
3 380 692
7 623 258
3 633 200
9 94 373
2 579 383
7 647 31
0 804 824
8 413 817
4 19 774
6 182 859
9 167 611
7 833 43
9 702 727
8 146 590
9 367 624
2 443 554
3 661 452
1 545 453
5 351 371
0 625 574
3 901 479
1 647 291
9 222 979
9 640 975
0 852 710
0 697 314
4 641 825
3 90 836
8 332 458
2 666 906
8 701 732
8 60 798
8 288 646
3 542 751
6 152 971
8 674 214
3 613 357
0 548 968
3 433 457
2 70 436
2 227 460
4 841 437
0 773 119
6 630 787
1 972 737
9 802 232
2 437 749
8 557 450
6 540 684
7 640 600
6 68 346
1 684 380
7 890 964
2 915 602
5 213 990
9 617 26
4 550 980
3 15 937
0 884 278
5 120 775
0 908 15
1 579 936
9 28 599
0 185 861
9 40 641
1 844 374
1 450 725
1 961 566
5 995 447
8 236 402
8 592 917
1 293 830
7 749 113
4 280 327
7 332 273
4 83 880
3 779 166
3 258 777
6 370 956
9 818 830
5 500 80
8 723 353
6 568 966
5 125 493
6 879 745
7 148 998
7 689 937
9 636 104
7 31 717
2 639 285
4 813 388
1 419 748
9 554 689
1 153 578
0 934 768
7 85 44
4 245 268
8 865 391
3 590 544
8 235 94
9 461 877
3 718 421
0 152 701
3 89 942
6 394 884
5 789 937
8 404 898
7 994 498
5 733 84
1 458 897
1 671 772
6 812 215
9 428 464
1 537 216
5 947 910
4 774 338
9 692 622
9 805 542
3 595 492
2 664 416
5 999 457
6 184 388
2 402 965
4 555 466
1 885 978
4 466 399
3 916 326
3 386 284
2 464 512
9 830 474
0 773 708
7 472 214
6 459 182
2 739 137
4 201 888
3 83 781
3 763 854
8 776 692
2 684 321
5 857 498
4 153 877
2 387 57
4 60 382
6 201 28
1 166 54
6 19 29
9 972 827
4 989 18
8 561 634
5 147 860
3 626 445
4 446 540
3 646 591
6 82 687
9 227 89
7 183 162
7 623 688
9 336 991
1 685 785
7 254 421
0 351 589
3 314 703
0 726 231
6 575 485
1 309 980
1 241 919
2 740 983
2 907 955
4 174 31
1 232 46
8 165 839
4 97 416
1 999 775
8 692 207
1 472 553
5 659 454
5 345 992
2 152 344
1 403 636
0 987 158
8 662 902
4 872 367
2 927 942
3 38 113
8 956 977
1 189 31
6 233 806
8 729 747
3 199 172
9 82 201
2 866 705
4 402 590
8 52 339
9 246 798
1 82 635
0 378 523
7 971 893
1 978 157
6 521 72
0 273 903
8 509 887
5 573 704
7 670 251
0 298 307
5 103 250
0 365 629
2 524 709
6 936 812
1 390 888
6 344 49
1 137 457
4 447 757
0 43 626
6 715 199
3 553 15
3 40 377
1 705 933
6 178 138
7 659 670
8 471 350
3 149 94
7 993 439
5 603 839
8 390 991
3 734 602
1 977 120
7 768 943
3 871 322
4 581 394
8 902 804
7 511 597
3 437 433
8 671 517
1 31 475
2 392 861
8 739 140
4 9 392
6 527 89
2 815 627
1 865 23
6 979 740
9 819 977
8 670 682
7 979 104
6 624 14
0 381 52
8 849 814
4 363 172
2 925 636
7 608 906
6 347 968
9 154 315
9 185 661
8 396 368
2 719 219
0 18 729
8 820 73
6 907 435
9 777 684
0 47 391
8 147 730
1 467 533
7 591 653
4 734 882
6 819 251
0 727 806
2 586 709
2 629 98
9 61 63
9 409 381
5 162 898
2 285 534
3 817 477
2 458 830
2 793 208
4 349 166
4 502 122
2 309 646
9 303 845
5 1 634
9 904 494
9 927 101
4 734 493
8 449 433
0 659 394
2 819 140
7 487 67
2 934 900
1 296 681
5 860 152
2 469 817
5 218 156
4 86 231
9 867 575
6 160 921
2 509 722
2 907 807
1 131 784
8 573 572
3 105 118
8 851 905
9 371 319
3 596 74
7 350 930
5 864 258
7 724 489
3 667 130
1 22 128
6 179 781
5 211 957
7 922 732
2 952 266
3 259 74
0 631 437
3 558 236
3 958 249
8 795 358
6 294 4
9 930 961
6 329 40
1 169 746
1 477 856
5 571 110
1 231 561
3 452 999
0 798 185
7 531 736
5 187 720
1 374 602
7 374 211
9 809 961
6 229 816
5 539 940
5 350 513
3 830 755
0 58 627
4 409 101
7 505 707
6 284 584
0 158 854
4 800 368
5 767 217
2 858 985
8 297 404
5 788 410
1 177 961
5 691 765
5 976 450
2 993 695
8 126 926
8 985 292
4 708 211
9 935 284
1 821 233
8 804 299
6 791 694
1 479 451
7 690 877
6 767 250
6 269 13
6 756 748
7 397 454
4 813 660
9 226 255
0 997 665
8 249 826
3 792 430
5 418 336
5 458 252
1 738 642
9 930 907
7 541 959
6 382 876
9 394 755
4 553 702
1 660 217
3 156 156
4 837 433
7 301 544
9 190 245
5 61 325
3 282 899
8 571 876
4 119 544
7 882 7
4 4 917
7 327 89
5 67 394
3 269 851
4 713 186
3 613 504
1 38 568
0 773 981
1 570 593
3 169 654
6 551 483
2 969 191
2 940 145
9 161 706
6 518 906
9 44 888
2 14 96
1 32 706
4 955 508
6 115 766
8 11 849
7 588 98
4 512 937
0 516 433
9 233 949
1 922 846
7 753 521
4 680 482
1 74 707
2 361 650
7 922 533
1 322 554
3 99 643
7 61 455
2 385 717
4 336 935
2 770 672
7 797 193
2 317 418
6 473 36
0 308 43
2 63 198
4 286 765
3 72 872
6 568 384
4 298 312
3 222 480
8 528 577
2 45 812
0 76 325
1 575 780
8 601 121
1 42 572
4 302 46
1 799 931
7 274 289
0 879 316
7 157 678
8 209 151
5 704 476
1 479 927
6 402 597
3 21 42
0 359 191
6 688 322
8 61 878
0 537 168
8 830 823
3 38 454
8 726 829
1 241 194
8 696 42
5 452 702
0 44 516
0 973 45
7 96 442
0 244 246
5 10 94
9 241 803
0 757 351
3 128 102
6 151 77
8 738 736
8 543 564
1 880 21
6 477 1000
2 847 96
4 632 932
8 942 680
2 436 249
4 101 919
8 95 397
6 512 853
6 31 662
3 863 465
1 585 948
2 550 276
4 912 37
3 709 931
4 313 642
2 660 606
7 793 44
2 795 361
0 234 55
3 193 33
3 195 872
2 317 250
3 11 110
1 584 691
4 90 254
2 65 986
8 298 401
3 982 989
2 408 313
8 244 855
4 588 726
4 188 82
3 345 307
9 993 463
6 45 33
5 871 361
6 560 37
4 63 128
9 755 643
5 389 343
7 728 603
8 513 791
7 616 946
4 810 696
0 869 652
2 547 477
7 752 834
0 284 295
2 373 127
3 435 983
5 207 59
7 843 445
9 730 963
9 718 757
4 119 468
7 708 935
5 545 344
1 724 670
5 353 385
8 375 371
0 600 817
7 821 762
8 26 624
1 830 669
1 123 124
3 653 361
2 528 657
3 304 621
9 624 29
8 725 530
2 230 926
7 831 275
9 260 534
4 275 614
9 396 73
7 950 182
2 182 875
7 325 655
1 218 917
6 294 410
7 987 949
7 769 955
2 991 734
6 298 984
1 161 524
3 504 694
6 670 348
9 473 754
1 64 338
7 331 863
9 73 581
3 499 551
2 310 181
3 357 601
0 784 514
1 711 412
6 707 37
0 787 253
6 355 332
0 468 293
4 92 942
1 112 558
7 702 504
6 597 555
1 308 455
1 765 126
3 821 840
2 801 974
3 232 667
9 313 832
3 497 187
5 43 397
7 442 502
8 109 238
4 523 688
9 111 339
5 137 260
0 162 332
8 782 662
6 470 180
8 319 30
4 310 404
1 634 502
6 131 241
5 955 430
4 435 427
7 662 732
3 934 41
7 744 749
1 130 132
0 285 746
1 472 153
6 726 466
2 944 860
6 229 176
1 879 574
4 231 252
5 679 815
5 116 689
8 620 488
7 5 187
7 408 57
1 476 254
1 690 961
4 459 899
7 918 159
5 689 688
5 953 606
9 602 610
4 645 463
5 521 401
5 260 270
0 197 100
2 92 502
0 3 52
4 934 25
3 782 859
4 569 49
4 172 925
6 875 771
7 330 780
5 803 590
9 406 747
9 14 617
9 188 791
6 637 836
1 810 589
7 142 283
9 446 399
2 257 536
6 991 522
6 710 780
8 549 99
8 969 361
4 451 37
9 60 62
5 973 907
9 133 343
3 706 967
8 81 522
4 331 518
7 530 792
9 286 566
9 441 102
9 34 346
2 959 124
3 174 598
3 693 663
4 408 269
9 429 186
0 162 519
3 879 74
3 243 307
2 631 354
4 294 183
9 677 742
3 134 384
4 230 564
4 316 400
1 817 660
0 977 256
5 50 209
5 952 404
1 567 10
7 975 804
9 286 457
7 126 231
7 15 989
0 137 574
2 306 549
2 279 381
9 637 229
5 700 432
9 390 775
6 653 5
6 351 13
6 616 922
2 501 143
0 162 902
3 7 19
9 513 658
3 152 847
1 656 16
7 561 214
2 241 625
6 819 680
0 317 989
6 933 758
5 661 906
6 765 343
4 797 345
0 608 704
2 366 533
9 155 355
8 525 559
8 967 818
8 532 204
4 37 41
0 846 149
2 926 748
9 319 677
0 997 66
0 439 786
6 887 512
6 687 769
7 196 315
9 373 342
3 758 900
7 476 99
1 551 494
3 7 954
9 668 670
2 72 837
9 33 647
7 318 233
1 737 15
7 300 614
3 354 426
2 99 102
2 71 539
1 856 527
1 904 147
0 404 704
3 955 903
4 608 832
0 212 326
6 496 674
1 647 413
5 764 174
4 135 792
0 361 111
8 590 372
9 870 735
7 614 318
3 705 429
3 447 796
9 329 216
3 75 765
5 72 745
9 4 913
2 833 38
7 93 178
7 238 603
2 284 294
6 734 275
9 530 259
5 988 762
4 31 484
9 613 43
3 763 46
2 56 82
3 34 59
1 713 918
8 776 240
3 465 68
9 35 305
0 909 336
5 941 73
8 440 599
9 622 945
3 814 391
5 116 535
3 296 981
4 617 222
6 287 764
3 572 560
7 87 720
9 587 448
6 501 661
0 618 692
5 245 461
7 867 462
7 117 482
7 815 330
9 477 929
4 352 980
7 906 254
2 561 267
4 379 507
2 732 264
5 819 335
5 885 828
4 628 489
4 886 240
3 517 256
5 437 495
1 716 342
1 991 214
4 694 118
0 837 845
4 956 876
1 100 439
6 658 433
7 516 613
4 451 470
7 813 608
6 585 525
7 137 577
2 920 761
5 629 171
1 441 265
5 346 649
8 333 819
9 395 745
2 976 831
5 20 615
6 533 939
3 487 457
1 365 253
3 975 470
4 841 451
4 935 176
8 8 194
2 873 893
9 512 507
5 44 641
8 158 916
7 566 608
6 765 207
4 8 726
3 66 136
1 246 25
0 670 978
8 106 864
4 873 683
0 727 51
6 267 300
9 261 940
4 229 505
3 347 824
4 563 121
3 316 847
1 453 923
8 171 100
6 646 619
9 602 988
0 507 69
9 325 833
6 78 803
8 889 395
7 486 24
8 12 652
2 903 355
3 169 605
8 249 517
4 191 424
4 658 247
5 275 229
9 356 778
4 613 882
7 397 421
2 469 426
1 882 937
0 518 294
5 693 769
3 551 290
8 99 262
4 372 856
1 590 37
9 238 577
4 131 704
6 555 285
0 866 760
4 977 531
9 674 35
9 5 28
7 673 813
5 778 670
2 22 69
7 355 847
8 737 151
3 183 36
7 174 288
5 376 510
1 966 59
2 769 727
9 832 782
2 79 742
1 115 286
5 235 78
9 431 762
4 648 910
7 266 56
2 798 224
6 909 414
5 854 931
2 697 577
1 467 199
1 575 257
1 236 485
0 142 258
3 66 439
0 418 851
4 192 778
9 700 566
2 363 383
7 72 970
8 848 329
6 6 825
1 178 831
9 816 54
0 579 586
1 692 240
7 40 98
8 5 268
2 699 492
7 604 411
2 503 206
0 725 592
4 857 463
3 116 360
6 468 739
9 533 989
8 672 196
7 437 962
1 83 753
9 436 657
1 694 585
6 378 425
5 239 477
3 142 260
9 31 610
2 817 155
4 32 237
7 202 184
6 932 253
2 497 354
4 274 971
3 214 599
9 467 884
0 181 694
8 331 766
9 865 369
2 480 345
1 153 790
7 324 407
8 314 692
9 540 493
5 499 875
0 179 731
3 880 664
8 388 802
9 987 133
7 335 564
8 881 546
6 149 227
5 382 297
0 757 437
6 663 33
8 861 664
6 456 963
5 370 654
0 935 367
8 397 582
7 153 927
2 161 941
7 508 138
6 829 958
3 945 173
0 399 39
2 269 298
3 256 789
5 607 238
8 964 493
4 363 244
8 921 21
7 814 217
4 716 426
7 573 488
5 620 394
2 42 690
5 574 316
2 463 608
0 850 40
1 546 197
9 619 617
9 289 330
7 703 939
7 982 535
2 147 493
1 773 334
9 189 247
6 139 837
0 252 665
6 691 643
4 902 273
6 324 88
8 980 6
1 112 726
6 948 206
6 989 927
5 80 435
2 700 412
2 301 587
0 98 815
2 77 659
1 483 497
8 469 37
1 701 97
9 14 795
0 552 625
0 355 755
8 728 874
4 431 931
0 325 615
8 193 592
0 632 607
4 153 370
3 174 668
3 349 253
5 451 226
6 389 623
7 166 705
9 52 943
6 195 320
7 630 86
9 282 423
6 577 469
2 916 692
1 753 216
5 5 86
7 665 981
8 131 752
2 480 951
3 572 556
2 619 39
0 112 98
2 638 328
2 84 832
1 77 186
1 557 165
9 909 793
5 384 38
6 857 583
8 695 57
8 302 102
1 64 997
6 985 171
9 108 277
5 960 631
7 15 928
3 872 769
9 255 931
9 820 861
1 923 641
2 443 727
9 417 379
1 367 133
9 339 11
8 79 935
1 152 644
2 249 843
7 92 473
7 900 490
8 596 176
2 876 19
4 316 546
6 153 121
5 743 607
6 888 660
1 4 71
1 705 628
6 686 854
7 206 110
0 272 168
5 630 406
1 22 112
9 404 615
2 960 955
9 36 320
0 864 885
0 880 920
9 892 678
1 144 70
3 425 289
9 815 190
5 876 526
0 58 872
8 851 912
2 679 198
8 630 448
4 528 122
0 664 856
4 970 952
8 28 263
5 421 614
8 936 959
2 974 175
7 661 238
2 545 256
0 33 101
9 802 536
7 299 392
4 393 818
8 415 60
9 299 537
7 782 422
7 873 897
1 893 527
0 528 813
3 279 808
9 1 952
8 347 968
5 873 862
3 719 991
7 269 189
1 168 486
9 182 153
3 304 97
5 513 17
3 570 277
2 670 545
0 989 813
0 972 764
0 724 319
3 390 629
2 686 953
2 235 296
9 192 716
4 525 667
3 703 457
2 593 84
6 357 422
0 93 930
8 938 859
7 493 45
5 562 303
4 467 578
1 10 248
6 252 480
6 668 797
8 130 295
8 962 461
9 311 43
2 957 526
7 324 23
2 470 978
5 279 373
5 334 16
1 538 856
9 400 977
9 895 403
1 671 692
9 797 614
9 77 850
8 387 205
1 12 339
2 21 219
7 618 390
0 199 545
0 426 296
9 937 80
0 65 762
6 794 230
1 803 488
1 440 3
9 177 118
3 364 196
3 502 566
5 879 842
9 957 526
2 285 794
1 347 500
6 938 151
8 708 472
0 711 400
0 654 254
9 128 76
4 257 415
9 366 319
9 946 688
7 162 354
1 412 374
3 374 566
5 272 139
7 403 181
7 697 880
8 908 78
7 80 226
9 574 858
8 127 542
6 481 200
1 32 243
9 739 708
4 44 218
1 36 230
2 794 228
0 795 11
8 415 475
8 983 760
7 635 763
7 517 343
5 919 409
3 493 160
9 802 986
7 953 28
7 122 987
2 25 664
0 958 242
0 677 102
7 489 118
4 417 474
8 132 622
6 910 799
0 963 385
0 428 409
7 55 458
5 417 270
5 638 422
4 137 927
1 424 909
3 33 939
2 661 266
7 25 6
7 584 957
1 42 185
8 695 856
3 439 371
2 932 418
2 614 699
7 37 818
5 334 288
2 81 196
9 560 274
1 23 320
5 787 881
3 617 456
7 142 598
3 567 270
7 85 842
3 109 40
7 108 355
6 173 408
2 481 967
7 732 946
5 838 527
5 429 993
4 82 900
2 418 955
3 189 705
8 135 964
5 64 47
6 412 92
8 350 644
1 958 537
8 87 699
9 756 605
1 846 853
8 211 516
4 283 390
7 992 841
1 322 833
5 410 689
8 481 933
8 57 170
0 693 163
4 766 116
9 777 710
6 944 886
9 442 789
1 617 7
0 338 7
8 907 825
2 748 197
9 383 37
6 302 606
9 153 635
0 203 738
8 635 766
0 672 840
3 787 860
2 353 791
4 410 34
7 914 182
6 53 255
9 214 415
5 663 147
8 234 150
5 475 213
8 808 394
0 847 934
5 239 470
7 854 899
6 310 207
4 815 450
7 32 910
9 265 845
3 334 251
2 171 691
7 229 615
2 416 795
5 60 321
7 760 168
0 474 62
4 873 541
2 45 698
1 324 563
4 552 486
0 518 211
3 604 352
1 621 624
4 77 165
8 913 335
1 501 398
5 359 129
4 534 526
4 761 494
9 352 250
2 411 313
1 348 831
2 388 267
1 863 430
3 692 191
0 980 548
5 574 998
2 778 404
6 52 116
4 906 804
7 666 613
0 946 648
7 935 911
8 376 779
5 231 553
8 940 170
1 469 144
5 27 744
9 853 987
6 264 268
4 734 516
1 599 848
6 816 736
7 538 849
7 642 912
0 259 338
8 36 466
1 39 880
0 407 481
0 470 717
5 593 912
4 692 103
0 512 834
0 851 279
9 9 952
2 139 459
3 434 262
7 570 471
0 848 859
8 359 31
0 832 56
5 801 495
5 780 25
4 881 108
4 745 144
5 842 834
8 70 534
8 762 336
4 968 680
0 78 389
7 720 661
5 324 722
4 717 391
1 434 147
0 680 355
2 539 429
2 403 557
6 184 424
4 651 502
5 729 923
3 810 592
1 960 147
4 782 926
9 666 21
8 798 630
3 712 94
2 569 844
4 349 384
2 824 931
4 465 72
1 13 282
7 723 186
3 851 756
4 27 998
3 384 562
1 612 557
1 962 492
0 715 397
8 950 427
0 711 612
4 392 639
9 251 164
6 67 521
5 265 820
8 209 957
6 50 360
1 686 755
9 650 852
2 591 840
0 437 87
4 48 922
8 987 393
4 959 168
1 174 657
3 198 264
4 443 540
3 246 277
8 210 12
2 556 983
9 91 285
9 214 183
3 121 399
2 811 307
8 977 756
0 22 594
3 137 626
7 276 633
8 962 797
0 705 29
7 475 764
7 293 536
5 706 812
6 326 237
6 713 69
8 812 152
6 711 658
6 976 716
1 831 606
4 746 402
0 340 671
2 807 695
9 610 822
0 538 832
1 347 792
3 543 952
0 206 766
0 819 734
6 695 219
3 816 168
7 707 295
3 18 800
6 552 578
0 326 809
3 385 715
3 395 125
0 798 189
3 937 762
6 763 290
0 282 571
7 643 266
2 232 635
7 297 982
2 469 869
0 171 241
3 641 346
5 250 705
5 133 602
8 175 44
7 389 678
2 321 758
3 949 838
1 891 924
2 171 877
3 374 957
7 993 798
8 163 802
7 82 888
4 544 979
9 563 152
3 828 412
2 451 582
6 337 114
0 27 192
3 569 623
2 637 265
1 34 197
6 790 401
7 764 885
4 171 875
4 616 735
7 480 179
5 719 350
2 860 620
0 822 12
0 181 817
2 731 764
8 818 655
6 884 736
7 460 614
7 824 122
3 646 51
6 296 367
0 557 689
0 550 677
2 714 559
1 179 653
0 470 317
2 211 438
1 462 425
4 910 784
6 760 645
0 220 958
0 311 688
1 781 163
8 911 215
7 800 188
7 302 279
5 540 540
4 426 648
4 26 339
9 285 365
3 417 304
0 512 112
7 375 536
4 279 802
7 546 798
5 308 782
1 817 731
9 393 507
3 952 193
6 787 326
0 107 748
6 244 82
5 155 970
9 940 817
1 301 784
1 988 503
4 783 670
8 119 277
7 849 196
9 638 514
4 182 348
7 73 190
8 54 25
4 702 469
8 567 507
9 22 621
1 92 145
5 231 852
4 535 889
7 913 151
2 169 2
6 750 88
6 735 638
5 505 793
5 915 488
4 705 268
4 733 267
1 908 10
4 526 592
1 45 599
2 638 637
4 825 568
9 663 346
1 814 219
6 300 551
6 640 471
7 865 127
8 690 588
0 795 831
8 117 30
5 559 139
1 392 75
9 170 288
9 414 539
8 179 733
9 213 565
3 999 273
8 505 322
4 342 310
5 472 183
8 347 67
9 729 281
0 816 415
6 23 717
2 912 281
7 147 503
6 761 742
0 489 307
2 503 259
9 140 758
8 528 209
9 206 746
6 134 764
6 381 101
9 484 588
2 52 950
7 217 77
3 843 370
9 465 608
3 268 582
7 831 329
6 128 624
7 708 45
5 109 69
6 608 971
9 726 220
3 481 299
3 351 968
6 925 957
1 990 158
3 332 603
5 138 745
7 231 651
2 764 717
1 791 843
5 544 811
4 836 304
4 613 754
2 691 10
0 48 710
5 439 135
5 572 130
2 161 312
9 758 884
3 711 101
1 449 381
1 378 946
3 256 732
4 163 197
6 371 852
6 829 621
4 617 70
1 587 652
0 841 498
8 17 561
4 4 655
7 161 446
2 203 841
9 354 425
2 602 327
4 272 585
5 902 200
4 504 120
2 709 209
9 373 897
1 777 146
6 958 110
9 432 50
1 245 380
4 873 450
6 136 876
9 398 309
1 55 399
3 948 5
5 568 116
5 258 301
6 187 8
6 884 24
8 346 373
8 784 988
3 249 542
3 458 27
8 653 117
9 82 291
0 766 655
9 502 789
8 324 208
9 126 497
8 420 745
6 604 857
7 622 72
0 670 337
5 513 850
3 226 377
0 346 134
8 424 287
2 883 276
0 703 105
4 846 760
8 256 467
7 649 12
1 150 959
4 345 100
6 618 600
4 789 74
3 116 808
8 94 93
0 20 174
6 920 910
9 494 574
5 203 923
4 596 182
8 589 193
4 743 88
6 138 72
2 527 373
7 458 258
2 849 561
1 824 216
6 586 996
6 443 347
9 169 198
9 916 760
8 940 118
3 664 443
3 896 81
1 769 251
5 963 659
6 34 245
1 888 674
6 326 434
5 335 748
9 874 73
6 228 40
3 452 314
3 388 120
7 242 865
4 636 812
6 586 274
0 572 30
7 119 831
1 415 502
3 421 293
0 253 210
6 917 678
8 738 3
9 220 486
0 423 28
8 221 750
5 640 38
0 362 154
9 401 287
6 908 412
0 475 406
2 300 498
6 548 375
6 821 954
2 946 632
1 269 257
2 1000 278
1 562 939
8 547 477
7 934 490
1 438 400
8 286 498
8 147 918
2 483 326
2 990 908
4 477 691
0 404 295
2 396 717
5 354 517
3 999 394
8 503 977
3 289 356
4 610 545
3 666 44
2 131 52
6 105 78
4 66 89
0 1000 947
3 965 444
5 604 766
2 346 546
6 960 389
4 504 570
8 646 852
2 309 467
4 856 39
3 359 45
7 462 110
9 340 527
6 362 479
8 304 218
3 479 82
3 12 580
6 566 520
1 436 209
7 814 585
0 997 204
8 720 689
2 724 386
5 844 429
0 325 172
8 90 288
2 943 863
2 750 622
6 893 555
8 964 715
9 250 826
8 435 434
4 129 739
3 210 568
9 862 90
9 101 972
4 334 614
7 903 102
4 417 553
8 27 648
3 256 570
6 720 187
6 214 498
4 620 876
4 626 831
1 28 200
4 191 376
3 504 384
4 26 34
8 705 42
7 181 761
0 404 409
3 356 521
0 121 443
7 845 988
1 523 50
0 357 346
4 766 568
3 637 648
6 868 245
9 155 182
7 99 636
7 295 231
5 889 90
6 36 587
4 885 630
7 165 521
5 61 29
3 573 906
7 505 894
4 14 301
5 482 732
8 636 517
5 143 718
0 313 93
7 600 561
6 560 348
6 542 351
3 112 745
4 289 830
3 591 161
0 241 729
8 263 46
6 405 527
1 608 338
8 529 520
8 117 319
9 224 173
8 75 583
4 645 819
8 818 284
4 60 552
1 286 804
5 287 431
6 410 945
4 883 372
7 890 288
3 599 748
3 265 442
2 509 135
5 406 502
0 693 558
8 200 68
5 627 210
1 914 723
1 699 551
8 479 863
1 610 511
3 982 976
5 121 699
7 915 659
9 387 642
3 572 946
6 20 613
5 282 767
9 249 612
9 596 176
2 184 168
9 301 137
2 780 412
3 15 475
8 189 529
9 206 418
2 325 206
8 6 68
4 207 243
7 611 729
7 570 401
9 316 154
0 474 603
2 810 18
5 588 364
5 705 290
6 557 566
2 589 887
7 974 977
2 769 28
1 973 439
0 864 536
8 744 781
3 493 579
4 373 693
4 552 70
3 317 838
5 49 259
2 435 557
4 399 254
4 561 438
3 758 985
2 558 389
4 566 515
1 222 176
2 232 271
4 406 481
6 778 91
8 623 353
7 867 359
0 164 825
3 322 655
1 605 553
4 81 385
4 172 242
3 168 812
5 98 730
3 712 591
9 647 140
8 671 102
5 844 720
4 562 320
3 628 965
4 340 999
2 988 299
1 597 827
9 601 997
1 384 636
6 335 921
2 781 559
9 958 26
5 796 65
6 780 423
7 366 991
4 515 860
1 718 605
9 622 665
2 927 802
4 850 291
2 604 39
7 427 240
0 19 563
3 694 984
2 840 570
8 845 228
9 706 230
1 670 778
7 571 311
9 656 587
8 264 532
3 908 955
4 572 905
0 757 617
3 405 144
7 874 546
3 803 606
8 141 865
2 861 826
6 271 490
3 945 164
2 434 419
0 281 491
9 69 779
7 683 921
8 234 158
0 61 921
6 846 712
0 975 335
5 252 568
4 587 325
4 151 177
6 942 462
0 399 755
5 449 538
8 725 441
9 403 636
3 184 619
3 159 128
8 23 155
3 203 466
5 301 998
0 268 674
2 748 129
2 62 728
8 271 867
3 321 163
1 997 430
8 709 331
6 660 991
8 918 415
6 309 269
8 876 701
6 644 652
3 204 217
1 863 713
7 986 701
9 139 874
3 547 472
2 808 822
1 424 944
4 657 363
3 845 911
2 719 952
0 374 416
9 790 426
1 739 412
7 881 900
5 356 91
9 488 404
9 855 336
9 833 684
5 808 622
2 889 363
1 458 615
9 734 999
2 84 850
6 148 230
2 855 162
9 295 464
4 2 151
3 120 525
9 999 243
1 36 109
1 762 608
0 200 732
6 263 856
2 678 787
5 499 983
8 296 445
1 591 611
7 817 753
8 96 217
5 812 788
3 317 752
2 272 731
5 510 956
3 733 493
6 2 512
9 481 512
9 220 184
2 893 825
7 962 996
3 706 206
3 386 587
8 932 257
6 170 157
4 364 116
4 989 97
3 419 722
7 230 740
9 677 96
9 418 898
2 449 259
1 937 389
4 468 539
1 57 93
7 67 723
9 545 344
0 464 258
1 965 37
4 856 918
7 562 738
5 449 47
9 897 251
7 37 137
8 602 696
0 611 991
5 213 532
8 182 532
2 253 206
7 7 877
7 386 779
3 965 376
9 794 374
8 867 232
4 729 561
6 527 202
3 573 372
9 596 249
1 235 835
2 317 615
5 351 689
3 298 71
2 717 868
2 927 89
0 627 437
5 85 534
6 627 140
0 487 553
2 123 738
5 182 54
4 687 528
8 396 445
4 195 830
0 976 696
6 602 220
6 549 196
4 212 408
2 79 815
3 603 286
1 512 296
8 572 62
9 97 581
1 957 747
8 82 811
5 948 86
2 84 267
5 886 207
2 426 517
3 435 298
6 783 613
6 685 744
4 880 205
1 641 617
0 925 501
4 684 820
0 723 855
6 334 475
5 222 519
3 975 508
0 435 102
0 589 749
5 872 862
8 227 584
0 75 122
3 523 293
0 365 373
2 931 308
3 371 771
8 180 975
1 30 809
0 127 523
8 219 407
9 105 921
1 856 653
2 839 42
6 820 441
7 939 634
3 133 950
3 695 119
8 195 770
2 819 249
9 205 409
6 147 818
7 814 349
4 437 21
4 565 793
5 357 140
0 124 501
3 618 96
8 217 366
9 244 807
2 87 810
9 142 905
2 117 971
7 168 261
7 173 149
1 178 42
9 746 38
8 476 781
3 959 232
0 450 301
7 430 485
8 187 243
6 848 434
7 362 358
1 315 112
7 183 390
7 257 65
9 724 876
3 405 522
6 486 279
0 60 97
2 158 273
8 606 748
9 765 824
0 863 389
5 595 516
7 76 260
6 802 906
1 538 916
0 406 91
6 796 466
6 756 187
9 196 373
2 270 391
8 815 804
9 118 7
7 322 670
3 623 490
5 173 26
7 5 213
3 577 666
0 717 411
2 24 885
4 46 373
8 902 281
8 151 917
3 900 652
9 708 832
0 979 813
5 786 19
1 301 287
4 377 904
1 596 346
6 947 616
1 121 263
3 395 145
5 274 694
9 346 302
3 624 742
7 641 663
7 726 858
0 691 293
4 616 588
1 702 113
1 409 48
7 142 742
1 404 314
7 245 501
4 43 933
1 922 559
8 399 194
3 390 494
2 690 489
7 590 752
8 868 414
9 384 2
4 934 333
7 417 182
0 33 953
0 848 256
8 305 764
9 515 696
9 302 612
5 50 834
5 267 470
6 819 336
5 584 266
5 229 406
1 263 425
1 210 236
4 153 678
1 988 811
4 567 729
8 296 501
0 796 555
2 450 57
9 951 41
2 678 78
8 637 820
2 669 817
0 975 131
9 204 600
7 103 77
6 679 518
8 265 605
2 661 588
3 562 314
8 514 451
9 614 540
4 167 938
3 228 376
5 370 790
4 524 558
3 519 586
0 198 1
7 903 140
7 122 595
6 933 920
1 521 516
4 403 311
8 14 764
4 388 293
8 921 108
9 745 517
9 61 103
0 182 483
5 82 568
0 472 106
1 476 426
6 173 711
1 578 707
6 606 721
9 111 558
5 197 773
8 359 196
1 96 797
4 7 942
1 273 304
5 786 657
5 162 662
5 40 32
3 475 473
8 763 264
0 754 177
7 195 627
0 391 793
6 557 487
2 130 288
8 864 490
1 818 897
7 853 294
7 926 876
7 520 153
8 528 265
5 263 137
3 74 575
7 561 662
0 68 815
6 680 346
6 952 358
2 914 457
9 212 770
2 67 958
9 993 141
8 561 687
4 460 975
6 469 751
3 434 85
0 123 220
8 146 403
4 995 347
4 689 43
3 123 880
8 10 577
4 542 947
8 584 403
0 614 891
9 403 238
0 29 6
7 714 436
4 14 564
8 66 762
2 963 487
6 212 660
5 204 54
3 261 137
0 522 237
5 158 703
3 842 564
1 811 506
3 264 290
8 178 755
0 696 488
3 827 734
7 791 158
9 556 471
4 559 631
1 154 301
0 898 693
4 731 748
5 789 183
6 289 277
7 958 887
0 639 396
7 664 491
6 814 12
1 399 662
6 852 834
2 813 62
5 578 495
8 36 21
7 894 441
9 514 631
5 868 747
4 397 808
8 86 769
4 530 725
2 668 940
2 891 175
8 973 86
4 728 771
2 867 67
2 360 15
7 78 18
6 687 590
7 961 508
4 447 419
1 816 262
8 225 908
0 502 119
0 270 654
9 597 164
1 221 63
5 390 903
6 523 613
2 117 984
8 814 451
2 223 577
5 396 636
0 958 543
7 329 877
4 853 263
4 851 597
5 168 551
2 126 149
4 249 589
9 393 112
2 245 153
1 394 445
0 45 362
3 338 320
8 518 300
6 932 954
4 219 514
9 960 586
5 756 179
7 326 394
0 846 811
5 348 524
5 782 993
0 493 680
1 561 534
2 905 484
3 582 555
7 68 652
1 352 680
6 546 926
0 17 998
9 845 983
5 405 737
0 223 74
5 943 754
2 665 326
4 916 51
3 755 398
7 823 478
2 266 980
5 832 526
1 120 472
8 327 541
4 733 981
0 903 443
0 911 407
1 283 384
9 53 657
0 219 136
8 522 587
1 957 46
9 717 558
4 860 251
2 275 18
7 20 305
1 493 745
0 523 153
6 819 244
0 112 922
4 249 767
0 760 288
5 731 594
5 724 559
1 150 719
2 894 762
8 262 99
7 253 698
4 829 194
4 901 797
5 873 687
1 939 93
9 700 630
0 74 768
8 138 176
7 78 437
8 987 663
0 202 112
3 433 469
7 83 772
7 43 600
5 589 884
7 124 977
0 831 42
5 773 457
5 128 788
7 399 580
0 356 70
6 633 313
4 339 552
8 187 449
7 785 40
1 189 710
5 717 367
4 557 680
8 415 179
7 8 931
8 61 662
0 362 581
5 977 153
6 102 290
9 395 20
3 344 256
2 852 430
5 550 242
6 726 259
9 239 495
7 648 192
7 26 74
8 351 880
0 809 137
7 454 126
7 974 375
2 574 286
6 312 237
9 635 601
9 373 563
1 460 39
3 895 955
9 100 552
0 743 999
9 98 812
3 114 361
9 307 71
9 46 115
9 240 606
4 585 385
1 289 369
6 51 299
8 568 413
4 226 840
2 844 741
3 963 444
8 196 896
7 150 802
7 154 519
5 591 903
4 445 982
8 607 381
4 599 936
8 532 590
8 278 148
5 488 876
8 493 967
9 39 214
8 793 534
0 788 294
4 106 465
0 597 836
2 648 203
8 250 718
6 662 942
0 777 291
1 487 516
5 400 388
0 93 645
4 950 564
0 328 580
5 151 972
7 569 499
3 263 143
1 216 726
3 328 645
8 524 327
6 629 745
9 321 418
6 53 317
3 998 481
5 416 807
4 646 121
8 889 771
1 130 643
6 616 75
4 822 434
9 228 982
8 550 583
5 781 293
2 692 397
7 185 757
5 778 691
6 333 492
1 700 600
2 265 46
7 937 130
8 270 852
3 723 984
8 237 459
9 662 11
1 69 739
4 431 754
0 671 770
5 737 167
0 749 191
6 100 585
6 226 980
0 259 391
2 122 306
4 1 233
8 891 624
9 22 204
0 40 785
0 418 596
0 127 49
0 617 298
6 431 721
6 272 381
0 565 118
9 2 118
5 633 124
8 783 306
1 598 521
8 669 646
0 670 539
3 303 671
3 52 179
7 308 930
9 647 988
0 389 272
6 49 181
9 176 193
7 233 806
7 978 942
7 105 474
1 64 134
4 268 43
9 684 710
5 249 580
3 999 188
5 132 798
9 684 573
5 281 916
7 659 431
7 295 613
4 841 368
0 591 47
1 540 197
5 863 672
2 899 210
5 885 245
3 17 179
5 378 931
2 483 734
6 517 91
1 897 244
9 199 545
2 897 743
7 267 724
2 489 319
7 451 642
0 438 173
9 419 148
0 970 527
9 620 191
8 315 314
5 956 77
4 846 856
0 629 475
8 266 558
2 117 326
9 338 288
4 386 612
2 500 559
9 918 681
1 366 139
1 669 171
9 666 828
2 642 347
6 323 716
7 2 401
9 728 571
6 578 922
6 20 304
6 920 274
0 200 888
8 892 259
0 760 171
0 17 30
6 835 960
2 110 353
4 447 968
5 578 166
1 349 214
9 325 397
8 20 893
7 301 877
2 306 694
0 42 475
0 403 413
9 598 672
8 436 552
9 942 849
7 507 569
6 581 470
3 327 198
6 276 774
4 621 697
9 235 515
4 174 408
0 943 448
0 494 6
5 744 402
0 391 159
6 886 310
4 689 187
4 283 194
3 245 944
9 300 264
8 425 501
8 954 843
3 221 891
4 860 572
3 406 247
1 812 552
0 971 964
6 973 650
0 710 482
5 157 871
3 262 952
7 257 323
4 543 653
8 457 688
7 922 388
4 67 230
2 610 920
6 684 811
8 957 314
5 905 883
1 161 167
9 720 573
8 12 509
4 712 596
2 757 68
9 416 660
9 343 94
3 591 864
3 266 989
6 380 529
7 226 118
7 317 26
0 468 8
9 812 86
4 606 687
4 342 250
2 150 147
6 290 201
9 752 190
6 732 147
5 64 31
7 35 903
9 408 922
5 506 413
5 170 511
4 446 220
7 517 266
8 998 764
6 694 613
1 631 635
9 703 156
6 670 761
4 515 310
0 669 986
0 893 266
7 699 719
8 456 374
8 618 720
4 417 849
1 21 177
5 245 262
3 938 833
8 121 291
0 375 451
1 641 620
8 431 120
8 991 620
0 156 790
2 183 427
3 499 383
8 667 396
3 897 808
0 978 124
3 519 28
4 487 484
6 309 603
9 372 692
6 851 141
5 844 355
4 165 964
6 449 160
0 95 966
2 788 19
2 211 528
6 234 45
2 281 192
7 129 855
7 281 731
6 575 548
0 454 612
4 964 15
9 50 905
6 916 21
7 109 296
3 735 918
1 674 656
3 32 739
0 81 98
1 127 850
9 750 726
3 337 936
7 584 83
7 597 358
8 694 1000
4 525 585
2 929 558
7 924 636
4 657 346
3 101 756
2 386 962
5 129 559
6 697 790
2 666 920
4 250 316
4 422 159
7 480 599
6 893 454
1 876 112
8 95 116
3 762 221
8 42 454
0 229 162
3 248 768
0 861 535
4 286 444
0 862 752
7 943 656
2 501 444
1 673 379
2 76 962
5 911 122
7 116 426
7 933 522
5 39 854
1 717 821
1 41 307
5 183 86
4 626 829
0 359 804
2 928 165
7 261 727
5 579 602
6 657 284
3 882 417
9 81 495
4 11 525
2 258 344
2 741 759
2 558 615
8 126 771
2 303 698
5 142 304
9 353 36
1 518 984
5 287 941
4 717 387
3 690 633
0 820 439
4 447 895
0 145 365
1 772 334
0 464 146
6 758 836
3 789 323
0 81 656
3 946 190
9 572 32
5 483 66
3 73 610
6 401 969
9 647 460
2 504 946
0 548 557
5 844 855
0 86 676
5 935 238
0 839 635
5 559 153
1 938 303
5 337 623
6 620 697
4 56 367
4 794 448
0 348 233
9 485 549
7 169 184
9 775 716
0 427 383
5 722 621
7 727 471
2 87 533
6 518 419
1 105 938
6 259 105
6 765 974
9 619 681
1 150 276
0 809 996
9 233 975
9 332 293
5 956 151
8 87 59
9 861 730
3 82 873
5 219 893
4 487 920
5 368 150
2 770 860
9 418 797
3 280 320
7 782 579
9 853 872
7 727 868
8 345 741
8 976 255
2 238 19
0 516 258
5 694 657
7 624 400
0 575 504
1 765 904
8 144 903
2 464 738
9 764 55
3 160 608
8 983 854
6 244 410
0 228 131
6 533 244
0 946 281
3 909 139
0 524 683
4 230 547
6 715 809
2 752 864
7 438 267
1 248 8
9 395 172
0 591 323
2 225 340
9 779 821
1 829 402
8 94 837
0 489 321
9 15 688
9 257 374
6 88 206
9 362 348
9 168 43
5 414 322
3 499 182
8 825 105
0 923 601
5 285 895
8 82 340
0 419 169
4 297 303
0 660 667
1 258 367
6 857 138
3 948 585
1 335 764
9 640 747
3 923 685
6 473 183
2 589 116
7 593 693
1 123 976
6 173 174
5 113 93
3 369 81
3 69 181
8 450 554
0 62 800
3 625 627
3 453 547
8 180 412
1 945 385
7 203 125
6 897 428
7 335 560
6 617 125
4 208 304
8 384 600
9 860 66
1 257 15
4 508 749
9 714 408
2 53 529
5 816 303
3 248 189
4 754 693
3 301 787
0 304 732
2 529 759
0 320 194
6 131 986
0 981 205
8 799 706
5 3 983
6 552 287
8 1000 338
9 457 282
8 462 640
9 672 926
9 412 936
1 111 87
8 569 30
8 942 225
0 143 69
7 224 876
3 19 844
4 555 9
8 325 265
0 310 965
4 542 237
8 32 41
0 745 7
2 375 572
3 810 869
3 66 636
3 413 850
2 173 341
8 710 461
5 822 730
2 531 723
6 48 871
0 972 91
1 62 198
1 436 18
5 539 741
3 252 337
1 435 707
0 72 971
2 901 54
7 563 652
3 555 639
9 438 28
5 969 9
0 900 545
0 277 240
7 14 596
2 656 524
5 295 700
3 3 669
6 836 502
0 581 414
6 361 633
5 151 199
6 791 255
3 682 922
1 28 327
2 922 449
3 218 652
7 978 174
7 366 633
5 769 989
4 586 304
3 967 52
4 295 167
1 297 601
0 233 828
5 196 761
6 591 917
1 428 953
2 697 928
2 118 724
9 158 603
4 853 478
5 44 778
5 831 536
3 592 237
6 953 494
0 531 309
5 67 404
4 991 315
0 30 597
5 645 84
4 479 785
4 450 932
9 417 444
4 858 247
0 494 878
7 917 543
0 75 944
3 200 541
2 982 624
1 139 2
5 653 838
5 388 59
2 651 238
2 633 735
0 203 828
2 852 164
8 67 307
2 52 204
0 165 243
0 364 785
6 355 660
3 493 394
3 724 771
0 335 452
1 312 164
0 867 545
9 226 958
2 560 424
8 392 52
1 761 690
4 326 929
0 521 283
8 209 104
0 32 181
1 359 536
1 459 415
3 706 792
0 656 260
3 623 337
5 597 909
5 562 516
6 755 192
4 9 939
3 746 372
8 839 99
9 490 251
1 862 983
5 582 809
5 968 349
2 211 973
9 997 183
7 448 831
6 156 430
5 209 75
3 506 926
0 382 568
5 477 509
6 958 46
2 681 527
6 84 565
6 863 277
4 494 272
8 58 345
8 198 931
5 662 747
0 805 957
2 759 234
7 296 831
2 583 753
2 116 903
8 68 156
8 620 940
3 238 257
2 254 426
6 167 421
2 819 339
9 793 581
3 833 458
2 457 322
4 910 338
4 162 670
4 723 905
5 140 382
3 142 920
0 971 643
5 178 678
8 101 358
4 297 904
9 837 844
0 176 843
6 620 792
9 208 764
9 82 390
1 470 30
0 730 69
1 454 349
5 172 673
5 79 971
2 658 156
2 355 976
9 685 583
7 864 344
4 92 240
1 978 539
0 513 679
1 222 760
5 478 572
6 887 928
5 913 827
8 791 476
5 348 573
6 828 585
9 826 478
5 21 976
5 226 71
6 60 621
6 774 338
5 128 218
1 663 564
8 393 795
9 121 23
3 147 409
5 908 506
4 619 693
9 710 439
3 897 844
1 254 404
8 265 647
7 595 34
9 712 464
9 121 684
7 580 432
1 939 844
7 397 206
9 246 510
0 889 168
9 107 199
4 785 84
7 14 375
6 582 515
7 432 22
4 421 715
6 535 311
4 64 941
3 423 798
1 617 225
7 519 412
5 636 607
7 141 595
1 554 392
5 447 120
8 21 833
3 808 489
5 37 816
3 666 117
3 661 432
7 782 673
5 214 577
2 486 200
9 342 426
1 932 262
8 334 811
9 770 59
8 729 496
5 338 600
5 603 793
3 722 894
1 536 548
0 190 584
0 153 347
9 943 744
2 193 348
5 878 780
0 472 492
4 658 425
7 83 518
8 794 773
8 567 829
1 235 27
3 958 956
6 17 230
6 810 880
4 813 842
1 965 866
1 523 871
7 559 199
2 36 233
3 798 165
5 623 379
3 486 773
8 618 847
3 669 383
9 167 982
8 426 453
8 719 217
6 148 337
8 473 650
1 834 626
5 120 168
5 607 192
9 911 258
7 76 640
8 921 981
2 591 619
5 146 295
0 627 114
5 765 579
7 621 988
0 66 435
2 703 27
4 382 934
4 232 926
7 641 28
3 478 809
4 601 162
4 49 533
1 874 387
7 505 294
8 956 158
6 311 789
9 932 581
2 474 729
1 786 50
2 198 164
4 35 633
5 707 430
2 103 789
2 373 225
7 769 298
6 137 209
4 447 652
6 527 866
3 105 230
4 619 345
0 860 623
4 769 392
9 964 423
7 725 331
0 545 517
5 612 279
8 48 705
1 473 356
9 224 379
8 252 411
4 854 277
8 767 523
8 987 288
3 834 269
8 220 836
8 211 902
5 849 355
5 671 70
4 699 272
8 864 189
3 767 824
5 386 211
6 417 543
8 283 845
0 617 105
1 522 146
3 481 584
6 954 726
1 353 673
3 223 132
8 354 626
7 621 678
1 1 366
1 605 140
8 894 290
4 301 111
6 92 991
1 34 879
6 228 550
6 564 23
3 353 466
0 698 413
6 328 767
6 117 815
3 91 507
2 847 991
3 833 675
0 789 655
0 699 522
6 630 649
4 820 714
0 272 576
1 439 963
9 424 522
5 712 928
0 264 170
7 679 115
6 69 955
7 466 285
2 419 343
5 126 944
1 359 36
1 386 465
0 4 224
1 534 66
3 565 205
5 94 530
5 820 639
4 911 136
0 62 764
6 613 130
0 745 229
6 82 301
2 600 874
5 334 28
9 127 693
4 137 116
2 121 412
7 971 711
6 198 320
2 977 209
2 901 111
9 952 142
6 780 835
8 163 105
6 776 819
5 233 821
3 307 406
4 496 4
4 606 147
2 876 144
8 597 679
8 228 649
1 336 188
6 218 112
9 998 631
5 748 42
5 1 109
4 788 511
8 906 315
8 379 561
2 376 166
5 892 190
1 632 78
0 745 378
5 880 148
5 209 555
7 95 916
4 293 491
3 959 268
6 335 640
3 943 962
4 485 201
4 11 910
0 119 289
4 90 53
6 868 436
7 106 380
1 275 910
8 916 457
5 604 348
4 379 396
9 998 713
6 248 796
8 996 356
2 57 219
5 10 825
8 612 146
3 652 775
5 151 10
3 33 799
3 647 218
4 278 491
2 929 877
4 200 824
4 81 505
5 7 123
0 577 922
3 656 885
8 939 389
1 831 88
6 97 551
0 848 510
1 72 477
4 974 673
8 840 912
0 712 629
4 371 71
4 424 145
4 583 511
2 351 1
5 603 291
1 723 186
4 454 477
4 184 209
3 755 511
0 406 641
9 162 248
5 441 675
1 702 850
3 44 905
8 841 710
4 484 540
2 523 413
8 802 923
7 872 714
7 890 19
1 28 974
0 485 654
2 316 364
1 676 752
8 580 999
1 968 138
3 543 45
0 644 722
5 177 128
5 524 35
7 157 620
9 652 137
5 951 945
5 113 275
6 647 3
2 421 488
0 727 170
8 901 720
5 782 878
1 620 423
0 272 551
1 379 391
7 27 957
0 871 158
7 364 118
4 518 304
5 14 184
6 167 310
2 245 947
2 781 404
2 862 747
0 65 876
6 720 86
6 353 20
2 376 978
7 637 398
5 562 387
1 254 419
2 346 559
7 75 795
5 698 707
7 471 85
9 617 945
1 995 525
9 622 178
5 318 945
5 168 208
5 428 186
1 426 497
9 442 76
1 204 423
9 319 811
7 37 396
5 169 272
8 533 281
0 110 123
8 309 231
1 384 236
5 735 279
9 863 419
6 150 781
6 457 325
6 825 73
1 974 85
1 950 41
8 581 428
0 621 444
0 970 567
2 661 105
8 722 785
8 449 155
4 174 674
2 314 911
2 407 552
3 692 673
3 91 242
8 568 723
9 598 514
0 60 734
6 997 192
6 146 734
7 210 79
6 143 880
4 668 869
7 291 976
7 745 330
1 295 180
1 948 769
5 795 764
8 284 125
1 955 253
1 30 221
0 270 626
2 941 317
5 123 581
8 384 757
8 823 566
7 624 552
7 804 82
0 475 506
5 276 920
8 973 405
8 372 459
2 493 581
4 322 732
2 484 92
3 47 531
2 663 239
5 668 747
2 155 192
2 738 981
9 967 560
9 880 945
8 21 713
5 911 121
4 345 830
0 666 897
4 180 854
5 434 638
2 393 649
7 84 126
3 880 394
4 210 1
3 884 499
7 101 875
8 288 397
2 924 645
1 512 588
6 984 526
3 729 222
9 795 620
3 250 895
8 40 585
8 317 455
4 604 813
2 727 166
2 794 993
0 111 825
4 625 351
9 493 205
0 732 402
2 364 961
2 51 837
4 931 396
6 700 492
7 19 890
5 172 194
4 630 894
8 490 519
0 720 676
9 269 663
4 134 737
2 57 325
7 558 324
5 693 827
8 8 846
1 763 136
0 892 821
6 594 203
4 486 627
3 164 849
0 170 431
1 820 658
8 988 222
1 977 299
9 940 959
4 832 123
5 325 429
3 346 887
8 950 263
7 794 909
1 966 794
3 262 58
5 705 653
3 653 750
0 624 460
0 453 636
8 373 217
6 479 323
8 636 763
1 18 419
2 719 243
6 928 288
1 610 827
6 602 200
8 29 659
4 411 443
8 587 285
4 607 768
3 624 925
4 775 446
7 953 41
0 98 62
0 474 635
1 991 740
8 988 176
7 39 478
7 897 484
1 784 316
8 414 488
4 674 670
8 458 845
9 42 85
0 529 704
2 154 225
8 602 110
9 402 424
3 71 630
3 837 172
0 505 1000
6 967 69
4 75 415
7 668 84
9 240 245
9 971 567
1 174 598
7 454 959
0 493 839
4 564 665
9 637 112
2 378 43
8 924 588
6 306 589
4 10 423
2 137 989
7 961 450
8 235 515
5 375 484
9 410 988
9 187 911
3 925 576
4 643 585
0 18 429
5 116 244
3 442 167
4 998 831
7 770 703
0 583 19
3 426 588
7 672 373
8 786 489
2 97 165
0 428 934
3 490 257
4 318 755
5 451 984
5 999 349
2 930 83
9 359 572
9 942 696
2 632 21
6 237 127
3 517 451
1 176 4
8 300 874
1 432 411
5 874 359
4 207 419
9 672 37
1 344 538
2 898 675
6 684 896
1 453 110
8 803 311
5 929 84
0 658 988
5 953 619
9 255 341
2 629 205
6 352 75
7 284 992
3 346 38
6 853 582
6 155 105
0 7 295
8 257 505
8 241 120
7 927 773
7 811 202
9 429 201
7 139 140
0 392 757
3 520 143
3 67 99
9 389 461
9 172 443
8 604 332
1 748 303
6 517 428
6 348 784
9 6 308
9 453 75
9 238 67
8 435 175
6 307 688
1 439 147
6 736 924
1 382 837
6 888 545
8 10 140
3 946 195
5 21 55
6 112 413
4 461 99
6 598 505
5 641 676
3 431 473
9 586 344
3 173 82
6 654 236
6 479 23
3 672 992
5 931 138
2 883 247
6 483 839
0 873 299
1 293 996
9 40 186
2 338 715
1 933 979
0 282 51
3 240 711
1 758 662
1 558 725
4 399 677
1 592 796
5 924 797
0 543 156
3 615 301
7 71 711
2 213 153
8 575 99
9 98 48
5 806 815
4 246 652
5 602 146
7 428 682
8 841 589
2 620 354
2 282 157
8 241 762
8 487 308
0 812 730
0 642 81
5 415 796
9 943 782
8 897 22
9 300 736
5 452 958
1 389 825
7 55 871
3 644 973
0 696 453
4 299 529
9 407 845
5 652 163
6 973 465
8 483 815
9 714 717
9 786 58
8 750 630
5 532 225
4 946 364
7 863 363
0 925 661
4 867 451
2 991 531
9 33 358
7 529 602
1 301 790
0 543 76
1 452 369
3 574 959
5 226 239
2 353 965
2 540 747
8 815 482
2 196 442
4 491 314
3 990 152
0 785 395
4 161 568
1 577 368
5 289 175
5 137 385
0 965 262
0 481 311
7 23 562
1 16 374
6 76 903
0 356 288
2 128 694
4 404 464
9 135 156
0 295 200
3 82 43
4 891 73
3 237 442
3 922 900
3 538 332
5 627 585
1 588 149
2 55 574
2 102 906
5 621 458
8 775 587
3 382 926
1 478 854
4 434 629
2 219 235
3 648 677
9 487 565
9 373 412
6 477 326
3 2 566
2 723 824
3 219 504
9 703 93
3 164 318
0 558 300
5 512 28
8 515 509
1 267 838
9 675 950
0 923 882
7 967 208
9 50 95
1 807 291
7 691 845
9 354 742
3 887 630
8 275 486
4 299 782
7 294 931
3 900 263
0 1000 130
1 364 27
8 215 689
8 684 607
8 319 922
7 353 37
5 146 328
2 568 245
7 399 191
6 456 489
8 866 164
3 858 849
4 250 281
1 407 226
4 463 440
5 993 601
5 978 792
8 836 37
5 816 625
6 829 184
3 513 445
7 657 101
0 444 781
8 357 655
9 446 923
3 183 448
4 835 917
7 399 616
1 463 123
2 129 714
5 34 632
2 407 897
8 819 209
7 412 345
2 264 193
4 778 487
5 375 288
1 501 569
2 138 587
5 108 332
9 165 284
3 274 857
7 958 386
7 712 626
9 160 561
9 709 870
3 759 573
1 88 768
7 602 655
8 597 454
3 868 323
6 700 4
9 178 304
0 39 400
8 470 203
6 480 362
3 705 564
4 381 875
5 633 312
5 776 780
9 460 668
4 781 964
3 450 371
9 791 939
8 527 509
9 68 844
6 283 826
8 456 70
4 711 943
5 43 154
5 844 266
1 475 352
3 825 534
7 923 965
5 99 376
7 868 327
9 186 264
7 444 52
1 357 997
0 759 530
5 815 775
5 795 554
0 269 683
7 272 931
3 191 81
9 45 892
1 973 729
2 337 334
5 189 37
8 534 261
1 642 351
6 77 297
6 610 664
0 462 181
2 437 502
7 388 421
6 923 904
0 798 406
6 40 326
7 175 419
0 767 232
7 998 87
1 6 390
7 997 899
4 716 204
5 962 708
1 967 62
7 598 641
3 515 342
1 478 990
3 587 376
9 368 849
4 369 11
9 894 55
3 724 400
6 672 390
1 519 679
0 730 289
1 673 9
2 666 869
2 805 207
3 746 496
6 400 1
4 555 135
6 706 775
4 230 149
9 683 767
3 118 855
3 176 1
5 760 588
2 944 43
5 733 88
9 502 385
1 461 497
1 554 302
6 355 204
8 78 687
9 112 431
6 956 683
6 447 49
4 313 636
9 449 729
5 727 302
3 698 716
7 543 488
3 982 429
5 346 947
8 996 595
8 347 122
0 160 134
3 314 689
7 626 134
1 287 136
7 888 913
1 82 240
0 740 286
7 524 249
8 611 947
5 669 607
6 94 89
1 749 913
4 43 473
5 577 338
1 365 420
6 861 220
6 767 343
9 743 116
9 884 370
3 678 486
0 325 229
0 793 561
3 158 53
2 196 105
7 382 920
6 155 62
9 582 371
3 521 304
5 146 61
8 885 340
7 380 252
6 539 323
1 245 36
3 128 42
4 426 705
0 203 394
9 922 66
3 40 426
7 663 766
8 287 223
4 750 487
7 361 390
9 707 915
4 243 255
0 431 50
7 629 651
2 268 15
0 932 441
2 101 650
4 852 566
0 736 447
8 885 769
6 409 111
6 381 254
9 515 951
3 997 598
1 5 272
3 966 874
7 274 391
5 553 290
0 100 319
7 271 907
4 928 855
7 478 9
7 674 202
8 907 804
6 465 334
5 490 53
1 38 723
6 961 160
4 325 615
4 668 488
9 567 818
9 752 180
1 6 229
9 785 843
3 868 66
4 962 198
9 452 266
2 785 870
3 423 578
6 187 85
2 720 122
2 434 977
1 404 837
5 802 939
6 271 989
1 996 10
4 198 332
2 815 344
8 153 526
3 180 550
3 18 786
1 70 288
5 481 462
7 461 564
0 215 209
7 467 870
8 423 108
0 916 152
9 125 867
1 15 890
8 228 361
7 91 885
1 829 516
5 394 664
1 926 639
6 640 534
3 457 407
4 850 275
3 124 819
6 247 917
3 541 814
2 539 801
3 762 955
1 590 516
9 509 614
9 239 336
5 681 281
9 456 429
0 80 10
1 616 81
1 408 401
9 317 925
4 237 727
4 956 434
1 615 79
1 767 493
4 412 928
7 113 298
3 941 829
4 776 235
9 463 163
0 705 608
9 615 628
3 123 908
1 314 524
0 328 532
8 219 322
0 136 382
8 535 249
8 436 721
1 996 115
8 52 182
2 39 414
7 492 2
2 609 146
5 753 837
8 853 563
8 284 172
3 969 890
6 90 527
0 853 282
1 304 780
5 657 584
8 241 454
3 20 157
3 544 74
0 944 276
2 357 419
7 656 64
8 707 374
8 473 169
8 271 350
9 260 491
8 711 81
4 459 225
8 620 943
4 108 619
3 384 862
5 61 396
7 664 718
6 63 449
0 39 921
2 285 618
0 689 775
1 44 268
9 190 672
9 426 607
6 386 817
0 260 859
7 937 793
7 864 440
3 57 329
9 27 958
5 607 907
9 331 516
8 995 217
1 561 541
8 626 785
1 518 412
4 710 14
3 581 689
4 139 779
4 830 670
8 664 281
8 187 250
2 353 926
1 778 822
7 351 422
6 380 409
6 652 663
6 213 158
3 753 603
3 462 543
2 853 107
0 406 281
3 789 538
7 765 861
3 729 954
5 735 355
2 553 378
3 714 823
7 606 549
4 364 347
1 270 514
1 123 443
8 741 548
6 286 507
5 289 31
3 282 790
4 793 380
7 424 103
3 219 679
7 433 938
9 783 889
6 473 589
2 52 549
9 77 216
0 359 767
9 251 44
0 300 967
3 74 332
0 10 639
4 554 241
3 226 839
6 855 586
2 709 519
6 816 382
4 273 822
2 186 748
4 301 457
3 407 276
7 615 407
5 895 222
3 339 641
6 672 979
9 552 346
2 508 979
5 714 488
9 195 47
8 595 678
3 696 33
6 655 294
3 951 221
7 260 861
1 5 547
7 809 239
0 220 518
8 594 178
8 923 686
1 98 76
8 598 76
3 666 788
5 445 663
6 596 653
0 84 219
9 508 961
9 985 547
9 151 477
4 705 922
0 740 940
1 371 79
0 586 645
8 202 203
9 836 528
5 643 113
5 57 45
0 489 568
2 712 210
7 864 870
6 326 207
2 849 798
9 522 449
2 315 614
8 619 734
6 890 430
1 888 360
7 97 317
4 176 831
5 6 994
9 587 390
2 178 636
3 576 869
1 44 356
1 98 213
2 831 272
6 105 35
7 924 542
1 854 9
5 59 609
6 291 844
3 467 462
3 471 251
2 696 70
8 520 518
5 465 608
6 239 406
5 493 927
2 622 280
4 25 530
7 6 145
3 413 556
9 866 345
4 464 530
7 742 133
0 579 92
5 805 987
9 305 418
9 912 400
5 356 648
3 99 287
8 119 655
1 623 219
9 229 793
7 210 938
1 12 886
1 763 152
1 574 632
5 952 735
8 545 833
4 121 760
9 982 477
0 953 29
9 534 817
4 497 771
9 312 538
5 600 396
4 195 604
0 753 368
4 142 617
3 771 948
9 223 145
5 209 239
0 156 4
9 180 470
1 305 418
6 758 260
1 784 476
4 205 350
3 228 897
9 819 790
7 744 539
9 820 232
2 736 86
2 893 664
7 851 30
8 593 922
4 966 617
9 438 711
4 867 742
1 347 938
2 75 587
8 461 493
1 818 231
3 297 521
1 304 594
3 67 636
0 453 899
9 576 366
2 744 941
7 833 550
5 518 47
6 649 191
1 763 877
4 705 772
1 173 550
9 605 77
2 59 813
6 675 93
7 761 221
9 220 199
8 428 603
8 82 225
1 227 287
9 602 914
0 616 744
3 190 926
2 283 739
8 651 470
5 571 596
9 722 41
1 446 507
3 57 988
6 458 710
3 929 224
5 791 702
3 964 349
2 915 891
8 109 799
5 357 632
9 225 910
9 817 781
1 72 57
3 405 600
2 38 234
1 830 286
4 167 841
2 88 131
7 270 360
1 462 405
8 196 401
4 199 536
7 888 990
5 176 529
3 852 218
7 390 324
5 501 277
5 943 723
0 833 243
8 926 991
6 257 78
6 993 129
0 824 951
3 823 126
8 338 156
2 295 745
0 341 706
7 821 938
5 160 92
4 542 131
2 766 403
8 649 586
1 348 434
1 773 691
8 126 728
5 586 805
7 364 541
4 575 420
0 715 661
5 373 979
0 93 437
9 442 361
0 554 150
2 482 76
1 890 955
9 249 457
0 34 703
9 57 377
8 293 960
2 486 297
8 815 594
3 644 842
5 924 786
0 907 239
6 240 832
8 357 400
4 470 644
5 538 412
9 419 426
9 291 204
0 38 637
8 26 690
9 167 641
4 425 136
6 767 275
7 20 646
9 714 675
9 703 709
8 225 192
3 191 352
6 149 105
6 739 693
1 716 357
1 512 185
5 885 119
3 690 410
3 315 637
1 621 196
9 211 202
7 667 542
0 82 765
9 596 609
6 887 688
5 693 29
1 571 410
7 486 46
1 145 500
1 418 192
2 757 578
4 257 303
5 408 376
0 979 444
6 623 183
2 782 40
9 119 359
9 396 795
1 564 464
0 159 960
9 925 443
2 394 41
0 95 810
1 300 176
0 787 628
3 748 938
8 105 559
3 535 557
1 620 49
8 63 394
6 425 357
2 310 579
7 184 123
6 670 212
2 228 418
5 49 979
1 938 207
5 257 40
9 989 613
4 108 158
3 164 819
3 988 503
9 295 783
8 878 650
6 695 53
4 819 353
0 881 243
5 890 373
0 183 296
6 283 138
8 378 427
8 141 424
7 910 383
3 692 744
9 853 565
0 568 782
5 328 806
0 734 977
8 486 485
0 264 797
2 791 886
5 536 795
6 589 51
9 300 924
4 737 993
0 592 147
7 347 344
3 205 366
3 687 870
5 751 274
4 148 68
0 420 207
9 672 310
6 292 93
5 436 243
8 480 629
0 189 151
1 980 540
1 885 105
3 470 441
7 830 233
4 423 110
2 104 586
7 966 166
5 190 47
4 557 979
9 787 399
5 627 544
5 522 335
7 114 907
8 338 197
4 570 633
1 496 613
3 207 597
6 352 895
9 309 881
6 333 924
1 506 938
5 384 894
8 313 836
0 383 365
2 448 652
6 887 527
6 807 617
7 190 380
5 402 393
2 557 638
5 959 520
0 709 177
4 21 365
1 116 369
7 379 252
7 517 148
9 390 183
9 896 223
2 362 490
9 348 259
0 645 354
9 824 873
7 611 168
5 498 32
4 79 423
6 701 224
5 677 433
4 964 950
9 866 1
9 129 681
6 563 584
1 653 684
3 28 10
9 233 350
1 973 932
8 946 349
3 620 469
8 222 822
5 387 300
9 525 486
4 933 364
8 56 807
4 636 779
2 365 64
9 968 867
7 461 482
0 976 70
8 684 64
1 840 732
4 697 80
1 338 876
4 33 812
9 771 460
4 534 555
9 394 77
7 903 832
6 671 286
9 566 718
4 929 206
5 958 354
3 466 423
5 279 208
1 789 195
4 360 625
8 390 851
3 351 150
1 903 534
8 823 749
8 395 846
7 41 793
1 555 960
5 630 274
8 279 565
4 126 288
0 878 967
1 101 254
0 467 838
0 447 366
3 822 951
2 682 197
5 743 893
0 243 829
9 789 372
1 28 233
7 216 570
5 892 92
3 815 486
3 65 23
3 704 88
4 559 599
5 791 366
6 603 16
5 191 494
0 268 590
7 684 433
2 799 988
8 527 84
0 219 432
9 945 930
5 63 997
3 901 742
3 408 359
1 900 94
9 976 978
5 446 621
0 216 543
0 246 354
5 463 226
7 399 751
2 12 323
3 747 743
7 615 811
6 609 476
7 990 72
8 268 274
5 646 323
7 652 707
3 282 910
3 523 637
0 298 550
1 539 20
3 719 874
6 614 506
6 630 864
4 80 527
9 967 249
3 215 738
1 297 365
9 761 629
3 339 258
0 58 585
0 545 494
9 658 942
2 491 986
1 288 452
2 948 182
9 683 59
6 28 965
6 114 85
2 56 124
3 804 294
8 731 434
6 322 551
4 804 827
8 32 278
8 722 103
2 374 446
8 103 617
5 447 40
2 960 279
9 597 561
6 592 404
2 616 874
0 182 553
1 334 555
4 293 99
1 174 586
4 424 690
4 782 110
5 631 2
6 418 239
6 241 388
7 786 833
5 750 375
9 881 838
1 170 216
0 550 43
3 914 356
8 318 168
9 596 874
1 748 409
9 627 901
0 650 602
4 588 323
1 616 733
0 713 517
8 610 774
2 711 612
6 899 928
2 374 619
2 665 792
6 127 480
9 621 778
9 691 769
6 919 508
8 572 802
9 8 383
6 752 887
2 370 414
9 559 424
1 362 573
6 793 965
1 443 34
4 939 976
8 866 419
5 222 48
9 179 877
1 429 602
2 22 204
1 457 94
2 758 604
3 903 749
4 764 52
8 213 476
6 601 564
3 439 157
6 439 211
3 862 39
4 24 962
1 21 981
5 451 936
7 572 337
2 762 564
4 317 641
6 684 600
6 484 414
3 975 375
4 306 182
8 347 272
2 464 135
4 562 739
2 932 45
1 362 639
3 758 973
4 251 429
0 547 636
8 313 727
8 872 121
0 160 884
7 660 543
4 545 221
2 610 340
9 189 622
7 260 304
2 896 80
9 921 738
2 712 211
0 316 722
5 566 623
5 145 907
8 33 442
8 740 58
7 527 791
5 408 284
6 889 939
7 11 897
0 608 131
3 914 458
7 626 998
1 286 485
3 879 604
7 485 16
3 270 738
2 279 455
9 694 380
6 415 331
9 876 977
0 128 914
0 336 550
4 676 475
2 520 970
9 896 985
3 694 712
8 620 156
5 105 542
6 237 641
6 538 964
9 757 613
4 504 864
1 891 272
7 813 707
0 981 216
4 407 183
6 213 317
4 974 987
8 123 939
4 663 254
2 561 234
0 724 731
0 303 909
9 790 495
3 513 894
4 21 941
9 934 908
5 248 35
2 976 103
8 6 892
7 635 230
6 892 525
9 306 744
3 957 318
8 211 493
9 722 624
9 343 646
3 781 780
8 952 496
9 547 286
2 425 25
5 130 351
6 257 999
2 425 523
9 244 912
9 428 149
1 232 255
0 760 449
7 806 693
3 296 662
2 92 822
4 556 757
9 264 178
6 93 248
8 720 896
1 396 818
6 939 291
0 76 250
6 68 226
4 638 237
0 271 213
4 987 759
9 507 982
3 653 522
9 728 295
0 90 641
4 349 528
9 624 389
5 315 96
1 855 88
4 518 663
3 867 835
8 440 952
4 534 531
8 558 528
6 851 99
2 95 826
7 468 967
2 442 126
4 717 103
4 448 281
8 46 590
2 756 654
6 808 679
6 750 34
4 749 627
3 455 130
1 220 288
8 309 250
2 932 139
7 670 355
2 514 401
8 356 625
0 756 125
5 102 251
8 357 247
1 300 126
4 998 229
2 329 435
0 240 186
3 66 677
5 466 558
0 213 314
3 497 776
5 922 541
9 968 663
0 164 566
8 550 792
7 37 438
7 421 896
3 141 287
4 750 610
9 788 642
6 199 725
9 387 122
8 514 701
5 597 186
4 995 762
4 476 747
8 814 753
9 157 508
1 133 88
2 125 645
9 642 567
8 296 955
9 705 391
5 405 590
1 445 813
6 949 495
2 834 972
6 760 38
0 283 455
7 726 813
6 905 597
3 845 992
3 877 59
2 767 914
1 999 83
9 106 755
9 521 715
7 372 787
8 813 768
9 838 618
6 107 729
9 32 728
6 83 890
7 624 490
5 236 486
6 251 330
4 871 878
8 734 699
0 41 428
3 277 961
6 272 752
7 953 491
3 487 453
1 793 594
8 963 979
1 383 134
6 508 700
6 163 816
2 869 165
7 9 433
0 929 315
9 829 938
4 961 709
2 511 593
5 294 396
5 663 277
3 316 999
3 785 702
0 925 964
3 741 690
3 142 367
7 960 582
1 115 589
3 182 187
1 147 316
4 635 919
0 228 611
9 338 937
1 154 456
6 398 827
7 78 130
2 252 969
8 900 197
9 433 482
7 136 998
9 960 15
0 393 106
2 990 675
8 844 147
2 151 970
1 959 975
4 349 453
6 209 102
5 321 98
4 396 350
1 683 901
9 45 404
8 90 607
2 262 563
6 968 752
7 82 82
9 193 276
4 639 805
3 680 227
7 880 917
1 189 594
0 958 645
5 494 143
3 371 940
5 353 560
2 355 462
6 84 90
9 645 738
2 153 819
8 618 359
8 981 252
5 679 352
2 318 770
6 363 477
6 87 358
3 131 835
4 679 997
7 617 980
7 348 665
3 157 370
7 17 351
9 241 304
6 120 53
5 42 763
4 248 504
7 229 31
0 952 288
3 544 830
3 486 215
0 41 914
3 857 793
1 816 738
4 100 455
8 668 620
6 30 101
5 777 712
5 200 64
0 258 962
5 855 801
7 774 965
1 382 960
2 913 580
4 847 864
4 826 652
7 25 419
1 746 586
7 292 910
5 290 435
7 772 865
0 706 163
2 173 373
2 963 652
0 140 63
6 497 843
3 727 304
7 437 984
0 665 32
3 801 67
5 400 126
2 719 416
3 182 723
1 818 86
1 329 569
0 188 676
6 685 968
0 853 697
7 750 694
8 486 455
0 190 87
7 616 970
6 759 158
1 809 122
0 290 769
3 393 381
0 108 422
1 986 713
3 651 370
5 613 491
9 901 252
6 89 524
2 478 470
5 442 380
1 824 386
3 212 631
3 324 915
2 666 263
4 927 30
0 997 412
1 126 646
3 611 743
9 41 587
0 14 798
7 552 866
5 717 505
9 384 498
0 732 722
6 39 726
4 138 204
9 916 636
4 161 842
4 509 581
4 148 832
5 62 483
8 869 354
2 93 84
2 786 618
5 911 999
2 31 568
4 867 38
9 308 431
1 961 350
8 72 205
6 406 635
1 929 431
3 902 15
2 720 273
9 608 666
7 991 420
0 57 728
2 500 990
9 901 500
3 946 540
8 971 29
1 463 619
3 275 482
6 911 307
3 295 876
5 567 164
7 978 553
7 106 341
0 696 70
7 467 65
6 516 580
8 382 611
0 473 680
8 924 405
8 422 369
2 173 91
5 997 170
7 689 464
4 824 921
7 912 278
4 433 62
1 398 487
5 882 649
4 624 988
3 839 540
9 695 458
8 136 86
2 213 659
2 205 477
2 264 495
4 592 208
8 982 808
5 349 15
5 560 197
0 137 956
7 618 493
7 246 656
6 823 892
3 878 896
8 854 484
4 251 413
1 692 459
0 211 122
4 511 699
6 155 539
2 716 314
4 543 90
0 753 9
8 713 15
5 687 866
8 244 825
8 8 319
8 29 363
5 932 137
7 28 656
4 102 363
1 363 978
0 40 283
4 764 789
9 814 114
8 370 550
5 994 534
0 53 11
8 712 308
1 936 70
6 730 373
7 97 984
8 789 245
1 940 68
3 938 623
5 371 669
0 669 417
6 949 815
0 356 417
1 2 865
1 301 975
5 249 742
1 534 490
0 904 565
3 382 450
3 233 815
1 915 685
0 558 871
6 916 476
7 908 118
9 691 61
6 754 568
6 596 509
9 336 616
2 356 828
0 452 400
1 9 178
0 72 497
3 866 780
3 630 612
2 15 977
7 555 532
6 325 666
3 987 110
4 112 612
1 994 307
1 433 912
6 345 710
6 191 564
5 381 166
1 371 938
8 402 703
1 187 345
7 582 785
3 746 172
5 47 115
6 733 904
4 29 120
9 419 50
0 534 186
5 692 84
3 910 6
3 929 992
4 230 921
6 384 320
3 457 710
0 635 620
9 801 623
6 750 268
1 513 528
4 136 40
1 993 877
4 659 854
7 631 936
2 88 813
6 583 118
7 12 827
3 775 378
0 604 677
4 16 788
9 644 454
3 43 626
0 577 543
7 633 380
3 638 504
3 496 586
0 263 201
0 469 684
5 365 729
7 246 989
2 176 73
8 652 748
7 361 343
3 396 899
1 982 500
5 878 178
5 405 29
7 484 21
8 565 403
8 353 242
9 262 358
1 570 506
1 371 420
2 536 132
7 997 154
1 419 322
4 997 765
9 533 871
6 648 216
2 332 179
7 59 366
6 88 831
6 677 93
4 729 786
2 509 200
1 792 186
1 96 172
2 479 883
9 310 712
2 994 912
5 958 999
0 252 443
0 626 777
5 496 843
1 754 173
9 870 718
1 732 217
8 452 268
8 712 349
8 9 812
7 298 603
3 525 48
9 968 146
0 646 344
1 220 853
8 978 331
2 268 967
4 776 467
2 186 923
0 125 547
8 452 829
7 929 189
8 717 332
9 754 462
7 985 826
4 365 46
8 632 92
4 79 952
6 272 326
7 540 68
4 656 210
4 702 135
4 313 121
4 854 244
1 368 706
9 58 768
7 368 518
1 123 501
9 137 374
4 423 280
0 715 790
3 225 315
3 842 393
6 606 683
8 332 887
3 818 609
2 571 413
5 527 424
1 832 91
1 622 882
8 720 902
9 55 864
0 825 273
2 45 545
5 43 455
9 68 3
9 688 406
5 175 774
4 106 619
9 175 589
0 846 964
3 831 651
2 611 30
4 698 848
4 813 446
2 389 191
5 932 318
7 970 667
4 506 651
8 92 482
7 935 804
0 287 459
0 477 114
2 924 498
6 972 400
7 826 793
5 19 92
6 385 989
9 160 700
2 414 988
7 402 896
1 244 583
4 591 535
0 659 623
7 670 179
7 376 502
4 814 982
9 271 932
0 259 760
6 216 539
0 715 862
3 862 18
6 235 879
3 23 962
7 335 574
2 340 245
2 266 432
7 24 517
4 772 51
0 809 228
3 440 26
3 696 173
7 940 171
2 636 520
3 110 879
3 961 370
6 553 462
2 59 875
6 195 67
5 857 525
4 803 682
4 665 294
2 809 693
9 458 91
0 486 638
0 449 631
8 859 901
3 835 900
8 115 226
1 164 890
7 521 455
6 143 716
3 474 653
0 798 543
5 126 351
8 469 984
4 766 607
9 550 676
5 297 942
2 296 492
8 273 793
9 253 915
8 410 964
4 72 741
7 744 970
5 478 566
6 151 895
9 25 370
2 217 99
7 279 433
4 303 139
5 426 375
7 556 157
8 559 544
5 773 434
6 218 125
6 719 170
3 42 314
8 536 654
0 14 699
7 813 866
0 337 981
4 186 165
1 213 881
0 329 503
5 349 171
6 408 989
3 504 590
7 615 963
0 502 189
5 184 552
4 805 591
1 747 417
8 391 39
5 697 738
9 804 474
3 253 761
5 685 700
7 254 768
2 403 211
2 452 816
8 176 586
5 980 356
0 38 822
0 554 992
0 401 864
4 598 479
9 73 213
9 368 380
1 764 334
5 582 838
8 256 516
4 619 647
9 640 237
4 551 41
5 746 882
7 614 141
3 221 64
4 239 887
9 913 466
6 441 74
1 862 762
8 794 638
8 982 323
1 969 474
3 952 689
7 12 178
1 227 780
8 449 705
1 81 115
1 126 588
2 984 107
3 978 101
7 308 232
0 372 862
7 314 263
5 782 417
2 517 79
6 477 60
3 338 548
5 370 659
5 513 204
4 844 181
4 586 782
9 252 144
2 175 849
4 335 34
7 893 536
7 130 279
0 829 852
1 285 399
6 160 959
4 117 435
8 388 298
3 876 56
9 395 634
9 341 269
6 838 265
7 107 910
2 821 652
2 94 330
6 586 3
2 428 546
6 184 12
5 906 353
2 109 273
6 894 289
6 633 220
4 232 728
3 796 941
2 721 585
7 994 896
3 125 920
6 895 212
4 211 667
8 243 585
9 281 766
4 840 939
4 74 346
1 175 394
6 605 308
5 157 16
4 410 435
2 228 994
7 755 911
2 562 628
8 304 998
2 606 275
3 725 18
9 827 479
1 239 276
2 587 737
1 258 459
0 72 180
0 874 10
4 90 846
3 813 493
0 954 998
6 163 293
1 48 796
4 440 823
2 846 594
7 995 102
5 324 924
7 961 754
8 392 494
4 2 304
2 452 134
4 50 289
9 322 89
5 424 744
7 639 281
4 927 604
9 668 348
8 516 933
7 781 925
8 618 430
5 887 513
2 301 600
9 612 198
9 914 920
2 101 355
1 95 414
1 205 35
5 94 749
0 740 461
0 831 452
3 551 31
9 667 584
8 323 703
1 297 554
9 66 519
7 789 427
1 67 413
0 850 300
1 670 637
2 365 202
6 122 193
9 345 124
7 117 220
0 983 552
8 29 276
7 698 940
6 6 756
5 911 992
4 932 184
2 709 315
6 932 151
5 676 751
9 659 641
1 211 639
0 408 92
5 628 160
5 486 924
8 403 786
8 570 435
2 761 992
4 44 520
7 252 288
1 550 265
9 900 443
3 640 996
7 691 776
6 173 502
6 441 103
7 652 936
1 422 505
7 512 709
2 523 56
1 151 535
0 32 951
3 125 755
4 512 459
6 465 172
3 791 286
8 756 579
9 838 512
4 924 404
4 365 799
1 777 728
5 511 234
0 198 628
5 267 761
0 887 684
7 515 833
4 981 836
0 860 42
6 27 872
4 269 506
1 698 259
5 744 574
0 367 444
3 872 102
9 433 796
9 934 687
8 305 976
6 98 240
5 279 89
5 503 990
8 860 83
9 313 251
7 646 286
4 432 330
5 813 308
1 148 284
9 318 376
9 720 774
5 968 318
6 380 419
0 260 431
2 594 392
8 859 833
2 252 304
7 80 785
2 516 559
3 12 134
9 151 788
7 457 745
0 433 693
9 672 242
9 632 982
8 204 743
4 267 470
3 884 966
7 334 40
8 174 800
3 892 808
4 151 525
3 81 65
3 190 33
2 238 364
4 623 208
6 8 780
6 415 527
4 576 131
3 964 30
7 252 896
6 140 186
2 388 804
4 90 974
4 673 650
5 964 306
2 478 590
2 707 761
4 339 521
9 441 586
4 199 962
7 573 875
3 271 321
7 196 156
5 58 667
9 280 258
8 483 170
3 92 196
5 365 616
2 347 505
0 504 185
7 439 320
0 396 913
5 775 622
9 182 168
4 879 855
9 122 177
7 244 498
3 343 10
7 442 650
1 72 484
7 882 961
5 192 698
8 203 520
9 283 417
1 635 586
3 245 660
0 701 541
4 368 449
6 761 624
5 220 972
7 137 197
8 602 840
5 194 610
6 76 942
9 349 812
6 407 292
2 843 982
9 694 959
9 144 73
6 7 221
9 300 932
2 524 682
1 980 908
0 550 36
9 296 626
2 41 437
9 100 269
0 771 623
0 528 875
7 216 294
9 118 822
7 193 539
6 249 957
5 112 224
0 571 299
9 781 291
9 715 163
8 88 50
3 309 496
1 585 281
6 980 959
9 727 114
5 584 715
5 439 707
3 332 243
8 694 614
6 780 611
2 657 312
3 802 137
8 753 996
1 938 456
4 744 435
5 888 624
2 699 427
3 421 964
6 659 999
0 979 713
4 377 129
0 932 985
8 458 764
0 350 763
1 681 735
3 710 293
7 482 706
2 263 835
9 540 842
8 564 835
5 147 283
2 737 447
7 585 940
3 733 611
3 487 654
6 236 421
7 931 466
7 222 396
2 469 249
2 811 646
9 645 511
6 689 383
5 487 799
2 581 792
9 156 834
1 305 119
9 480 819
7 87 228
0 29 459
8 99 432
9 834 420
2 71 948
8 151 796
0 406 341
0 270 610
9 180 552
1 28 350
8 119 853
0 987 951
1 804 922
1 475 217
0 526 368
9 460 122
8 478 688
4 353 129
7 93 333
9 869 696
7 386 482
0 217 917
2 747 191
1 413 724
8 750 268
7 912 258
9 684 881
0 546 81
5 51 373
4 478 320
8 636 303
3 776 270
4 472 592
1 209 339
8 148 263
9 851 401
9 37 50
2 940 125
0 884 903
8 183 272
9 90 140
5 703 138
4 962 375
5 493 732
4 505 507
7 303 149
7 362 833
4 456 710
4 314 870
3 632 865
7 918 424
9 24 23
1 270 39
2 817 419
1 880 214
5 270 867
1 638 220
6 177 230
8 318 561
9 752 510
3 533 959
9 840 903
4 813 640
6 543 394
8 683 836
1 561 306
1 954 562
6 295 608
4 556 787
9 325 101
4 981 864
3 293 37
3 449 927
7 546 780
3 655 739
3 287 296
7 678 693
9 414 501
2 462 95
7 224 57
6 452 479
0 126 149
2 606 722
7 290 43
4 871 802
2 203 755
0 131 575
3 696 286
4 258 655
0 974 716
2 245 31
1 228 999
9 866 215
4 906 862
8 739 690
4 813 441
7 962 49
9 403 49
6 467 137
5 949 424
8 989 584
7 973 75
6 337 879
1 585 835
5 993 279
7 863 476
6 862 673
7 89 146
6 82 936
3 977 970
7 244 178
7 739 113
9 628 741
3 466 661
0 735 612
7 202 189
4 462 142
6 463 309
8 38 707
0 468 461
1 299 692
9 608 755
4 762 603
6 363 410
1 267 155
5 420 78
3 110 708
2 203 530
7 378 590
3 680 8
6 353 412
2 101 561
3 448 751
7 859 696
7 848 534
7 859 233
1 289 70
1 652 337
4 816 680
8 964 348
2 462 116
5 544 83
7 914 802
8 561 472
9 483 616
8 446 528
2 984 21
3 32 683
8 226 776
6 460 299
0 391 42
7 713 816
9 441 955
5 7 68
4 877 972
1 55 704
3 472 221
0 902 727
9 878 648
5 984 188
0 838 20
4 32 302
9 610 355
0 543 987
1 724 187
1 502 980
6 202 339
3 337 975
1 738 676
1 539 460
9 691 578
8 103 685
6 777 162
4 906 969
5 706 615
6 139 597
0 721 566
2 552 631
0 976 423
4 325 471
5 796 546
4 603 770
0 240 708
6 215 647
0 35 36
0 27 359
4 399 611
9 399 562
4 664 669
6 719 888
7 787 84
7 548 353
3 844 706
8 794 36
5 720 477
2 36 694
5 826 137
4 199 774
2 879 967
2 293 909
6 571 439
4 146 620
4 72 493
8 42 37
8 668 961
0 704 587
7 338 193
9 39 360
3 877 25
7 969 530
5 745 136
7 592 55
7 92 411
0 380 605
7 192 688
6 806 122
6 729 800
3 755 11
6 382 537
4 531 454
2 707 641
3 249 402
0 838 593
5 872 600
8 732 680
2 232 993
7 962 603
1 611 162
1 745 275
2 94 758
2 80 786
9 958 827
9 853 209
4 722 346
8 880 866
3 749 468
2 758 913
2 819 730
6 860 39
5 184 809
8 88 464
0 505 768
6 890 257
5 849 733
8 409 683
1 823 281
8 878 967
3 511 121
6 773 614
8 904 160
4 988 75
7 788 646
1 987 635
9 946 244
0 53 374
1 819 913
9 903 14
2 1000 174
7 96 101
6 37 967
3 386 88
6 643 677
8 331 860
5 76 393
0 247 105
9 978 613
7 745 680
4 697 138
2 656 611
3 281 22
9 39 586
3 611 863
1 785 20
9 967 569
5 259 658
8 849 519
6 795 795
5 508 345
3 188 690
2 401 628
4 708 278
1 651 624
8 248 636
6 777 888
5 797 803
4 579 223
7 249 93
9 373 148
0 125 517
3 987 330
3 985 419
2 281 869
8 172 952
6 542 411
0 649 644
3 352 680
9 18 680
9 20 78
2 941 697
2 861 463
2 881 230
2 826 686
8 203 962
7 482 852
5 537 404
1 789 910
7 35 595
1 79 759
8 747 834
7 323 707
2 33 390
3 741 35
8 217 633
0 561 432
6 369 635
8 842 494
9 420 111
0 923 442
1 267 804
4 638 337
0 229 500
8 473 126
1 903 13
8 119 492
6 208 364
1 870 367
9 611 59
1 305 630
0 958 524
4 414 917
0 843 291
6 186 348
8 939 66
2 808 778
1 936 455
8 612 975
0 208 528
2 97 447
1 580 796
7 299 516
9 977 937
4 467 575
2 349 838
1 73 143
8 41 22
5 669 603
6 737 335
5 295 263
0 581 953
0 140 910
6 665 797
1 71 920
1 648 475
0 433 209
2 297 186
0 527 180
3 813 171
5 948 90
4 511 954
4 576 900
6 994 432
2 657 449
9 771 80
3 654 23
0 547 536
3 121 420
1 846 49
2 866 377
6 29 40
1 484 283
8 125 836
5 238 949
3 180 430
2 685 526
9 328 961
7 903 854
1 527 221
0 934 830
6 839 9
4 721 555
8 995 769
1 92 394
2 100 750
2 247 209
7 877 227
2 773 444
7 719 556
5 986 302
0 757 109
3 176 188
9 206 567
8 691 715
9 887 1
9 637 514
8 684 294
7 683 441
0 643 711
6 975 97
9 333 119
7 994 72
0 296 861
2 166 275
4 79 604
0 126 404
2 965 459
5 33 968
7 490 846
5 15 553
0 81 583
9 475 28
7 339 545
0 207 218
3 284 421
3 796 568
1 717 271
2 631 156
5 13 810
4 323 375
0 130 745
7 943 16
0 21 267
4 34 331
3 577 602
9 532 777
9 460 265
9 242 634
6 184 173
9 729 115
8 843 943
6 584 364
8 285 274
8 175 485
4 906 110
8 823 958
1 488 996
6 166 88
2 692 288
9 879 140
0 843 46
7 383 961
9 711 123
5 109 859
6 5 839
4 274 660
9 592 359
5 276 397
7 683 434
7 501 889
4 751 947
7 844 297
6 432 458
6 654 740
6 575 852
9 10 330
7 759 693
4 99 360
0 138 759
9 216 774
3 510 39
3 446 579
4 746 545
3 549 371
5 918 282
8 862 912
3 587 947
5 294 853
4 41 524
2 59 393
2 167 67
6 134 347
7 651 273
6 33 204
0 258 129
8 580 363
6 317 98
5 249 777
1 976 686
3 100 683
2 957 934
7 331 945
0 620 163
7 24 955
4 866 710
5 272 680
8 835 192
1 439 519
5 679 630
