50 50 25 25
15 36 8 27 1 35 5 15 22 10 10 19 43 2 13 43 23 15 7 20 9 6 12 14 34 33 7 28 2 30 40 19 13 46 17 48 4 29 27 33 9 15 22 16 3 31 51 44 19 57 
16 24 31 1 30 4 36 5 1 15 15 37 7 5 8 9 19 36 43 32 36 23 7 34 11 11 14 18 9 26 49 35 46 2 11 35 27 4 44 14 2 43 37 13 9 5 40 56 11 15 
25 19 25 11 35 24 15 27 25 34 38 16 40 27 30 6 30 43 2 15 8 17 13 37 12 14 24 5 18 8 40 16 46 33 15 23 1 17 49 44 57 50 22 35 29 22 60 9 44 41 
23 13 38 30 9 23 23 13 7 23 31 25 32 4 10 16 8 30 28 37 1 1 19 35 34 10 32 17 9 17 45 12 26 12 33 27 5 48 14 14 4 47 22 26 10 60 13 47 2 11 
32 27 16 38 14 42 7 37 39 22 13 43 6 3 4 3 21 35 13 18 21 34 3 17 5 36 21 15 19 24 45 42 21 4 25 22 9 16 20 25 11 15 1 46 43 14 58 5 18 14 
30 16 13 6 3 15 7 32 27 7 24 13 1 34 5 3 27 6 19 28 5 40 2 28 18 49 46 20 45 39 10 5 2 16 46 4 39 4 21 3 47 8 58 11 24 43 34 58 26 9 
5 4 27 16 12 3 3 1 20 11 27 43 37 32 10 13 13 5 9 2 4 40 8 18 13 45 24 3 48 4 7 25 15 5 51 15 40 24 50 5 48 41 34 6 13 41 55 23 8 7 
7 1 14 19 4 7 8 8 13 20 3 19 7 11 34 7 21 38 33 27 21 12 24 25 11 28 41 45 37 17 4 35 18 25 33 37 50 17 5 7 23 52 70 6 9 38 50 40 53 21 
9 15 13 9 10 8 4 10 24 13 32 40 35 3 8 14 32 34 17 27 14 23 49 9 12 45 3 32 8 26 3 52 44 41 46 44 55 55 26 52 16 36 29 12 57 53 14 23 38 47 
8 13 42 10 17 2 22 10 15 12 21 24 17 40 25 16 13 2 31 34 16 43 19 45 6 18 8 38 7 29 18 42 29 37 6 48 20 10 2 4 6 5 58 10 12 29 1 26 44 31 
25 10 12 7 5 3 13 16 39 10 42 32 1 27 1 4 10 33 7 16 37 4 7 24 10 12 18 37 50 20 18 26 28 9 18 17 19 45 36 47 64 34 29 66 25 27 65 21 67 5 
8 24 4 9 2 3 15 36 31 5 37 38 11 3 14 2 22 4 17 7 28 21 8 3 40 12 25 38 2 33 8 8 18 3 40 6 46 16 54 17 28 9 50 14 54 9 30 85 45 28 
7 39 31 40 12 14 31 19 30 22 7 27 28 33 31 24 7 6 30 30 45 18 3 10 6 10 32 10 29 23 7 70 27 16 3 2 38 44 2 60 14 28 29 8 28 14 62 43 20 22 
31 38 24 7 13 17 3 14 14 36 10 19 18 30 42 31 23 45 15 6 12 27 39 22 13 5 15 51 20 13 27 32 22 4 5 54 18 4 21 31 23 3 1 36 6 1 7 30 59 12 
35 35 20 13 4 39 12 16 2 24 32 12 1 34 10 3 36 16 15 6 11 29 10 29 30 3 26 24 20 12 40 9 48 50 36 41 52 32 50 8 16 43 2 59 61 40 61 35 43 8 
39 24 9 15 37 11 4 36 18 20 22 21 49 5 39 31 34 12 49 6 3 32 12 41 34 30 30 4 47 49 46 11 20 1 6 25 47 11 29 16 10 48 48 62 60 29 59 10 71 49 
40 23 37 36 9 17 3 2 22 39 2 5 23 25 32 11 32 9 43 13 40 27 46 24 37 51 30 5 21 11 8 20 28 33 21 19 35 1 34 48 61 52 46 53 56 19 17 64 7 44 
25 23 20 42 5 3 11 17 1 20 42 6 25 14 31 39 19 23 6 19 2 57 23 57 46 14 16 11 30 8 35 58 17 20 14 49 16 59 24 3 43 29 33 41 16 83 84 61 74 61 
15 7 21 35 43 22 31 32 15 33 20 36 34 25 5 34 12 12 2 33 1 3 37 33 14 23 28 70 48 33 39 48 46 9 59 64 30 53 38 9 13 32 66 36 63 31 27 14 77 21 
42 3 27 10 23 11 37 35 42 16 6 24 1 18 37 45 13 33 9 15 21 8 29 51 55 30 19 5 12 48 25 21 22 16 33 29 26 27 12 4 7 68 28 44 42 69 21 81 10 62 
28 6 24 35 24 6 19 37 35 37 31 27 45 5 41 39 46 46 29 51 28 1 18 14 5 51 34 12 17 6 49 50 4 41 1 18 41 66 22 20 26 65 32 38 66 53 49 2 34 39 
38 2 13 5 16 28 39 25 18 28 6 6 30 37 11 33 8 43 32 35 26 19 42 42 33 38 6 35 60 52 3 11 12 51 3 29 28 25 24 28 27 30 73 44 4 5 75 39 60 53 
36 8 40 22 31 33 34 6 23 6 21 28 29 38 37 4 29 9 2 7 32 18 52 9 52 9 52 45 56 44 56 66 24 60 32 64 18 62 23 73 8 57 25 58 69 63 20 5 80 20 
3 2 17 24 34 11 21 39 15 45 32 35 11 19 19 13 34 31 51 3 33 11 30 40 31 9 12 1 45 26 36 35 41 33 66 24 17 53 61 53 68 71 55 77 49 29 22 61 35 30 
4 33 13 42 4 6 16 16 39 5 24 39 40 23 40 18 12 48 22 10 28 9 57 44 8 21 3 12 54 50 21 11 55 55 39 46 89 7 33 85 68 71 17 21 35 47 74 45 90 56 
2 4 10 18 37 17 32 18 6 49 24 34 10 13 6 24 18 30 23 16 47 20 8 7 6 15 41 12 44 42 21 66 67 55 12 56 55 46 72 68 50 65 68 75 3 1 20 130 96 94 
14 15 30 7 3 20 1 3 45 1 12 27 40 30 8 8 28 12 47 26 31 35 22 3 19 17 38 4 53 2 70 29 59 65 47 9 68 3 18 47 35 44 88 94 91 82 82 57 76 39 
7 8 26 13 21 14 9 38 3 6 32 25 34 28 24 26 17 50 14 57 16 10 2 9 36 51 44 10 27 42 25 21 68 73 40 51 20 85 51 37 62 95 1 34 65 79 78 74 112 37 
5 18 26 26 7 30 26 17 42 4 15 38 7 22 51 52 57 42 30 31 6 65 23 8 17 67 51 47 20 29 35 34 68 47 50 91 58 31 16 8 63 35 80 26 94 83 61 61 113 59 
6 25 5 15 52 35 42 37 7 22 14 49 31 10 11 43 32 12 7 55 2 54 36 13 63 22 14 18 36 36 15 56 56 64 6 22 29 29 60 29 89 33 17 53 39 18 83 30 70 61 
19 8 38 29 38 46 39 10 38 45 17 2 44 39 27 52 15 2 2 50 12 31 11 28 73 34 53 67 2 29 11 40 31 81 27 29 29 43 69 4 78 41 4 87 69 1 13 41 1 114 
6 37 49 30 32 15 40 22 57 40 16 23 58 31 20 18 4 64 27 26 3 41 3 25 64 26 31 48 61 66 26 10 53 11 75 36 32 62 52 23 82 72 24 46 36 131 100 143 84 58 
22 2 2 37 37 14 4 20 26 38 29 42 41 27 44 2 24 2 42 55 46 14 19 24 54 7 15 1 44 41 22 1 76 13 63 50 63 17 83 81 10 61 11 109 83 78 134 116 71 80 
18 49 14 25 22 20 3 41 21 5 12 51 45 11 27 40 41 36 65 56 17 16 25 64 9 60 36 19 12 43 2 54 64 21 43 40 53 72 64 14 72 101 58 93 5 154 111 42 106 86 
37 33 34 33 36 26 38 27 8 24 24 44 6 58 11 59 23 4 18 28 1 41 26 16 10 42 89 65 63 5 20 66 74 7 86 82 94 62 63 92 51 32 85 39 74 138 41 16 116 36 
25 36 9 51 11 16 42 15 21 49 17 7 29 37 36 13 13 30 60 17 12 31 8 15 50 24 38 15 33 82 21 49 41 49 13 67 9 3 55 62 48 111 52 20 146 96 69 76 167 119 
36 14 28 6 2 40 9 36 2 5 28 18 50 3 50 11 8 22 65 25 9 32 57 57 41 32 41 59 5 59 29 43 13 2 79 85 60 87 2 9 73 89 114 92 34 4 97 141 39 155 
3 5 18 45 7 8 2 26 57 7 10 14 12 44 43 16 25 10 53 41 53 4 67 62 56 90 9 75 39 52 88 49 35 68 54 48 23 31 91 3 13 103 117 86 147 88 119 47 102 144 
22 43 25 31 43 51 6 47 13 3 41 20 60 50 31 30 42 9 11 20 5 18 4 50 47 6 64 65 48 55 66 18 59 106 6 132 73 77 35 80 21 115 5 117 153 41 57 93 20 124 
11 46 2 19 48 16 2 70 50 33 45 20 65 43 59 33 21 25 21 26 36 29 26 26 8 42 22 67 22 90 41 11 39 72 72 108 100 6 66 73 87 79 11 5 99 103 158 1 75 122 
48 46 15 25 18 44 40 6 10 44 35 8 23 52 26 60 38 26 4 52 31 90 47 21 88 72 23 79 32 84 93 23 48 77 46 70 56 44 16 118 102 44 100 91 6 156 120 121 120 3 
28 1 1 22 13 10 1 7 26 1 42 1 39 38 49 41 26 31 8 15 21 83 14 21 6 33 39 16 10 75 65 42 67 69 101 136 48 53 14 23 67 19 165 17 76 72 34 179 159 181 
35 10 28 27 21 58 29 56 22 7 55 15 29 25 42 46 27 22 46 59 58 62 61 76 78 42 22 13 12 53 99 27 48 76 32 56 96 15 9 75 148 81 80 105 19 30 79 99 169 174 
12 2 29 1 39 45 25 39 44 64 26 68 8 73 33 23 26 62 28 40 26 28 2 18 1 7 32 80 14 28 64 78 48 81 19 72 145 43 11 1 51 67 122 133 168 127 142 171 104 105 
50 31 34 34 8 10 4 27 1 47 19 9 1 1 23 51 63 25 38 9 4 52 56 67 69 98 37 79 69 54 43 53 107 71 80 77 54 97 28 37 78 54 151 126 161 69 49 125 20 166 
47 26 55 30 33 42 19 54 10 1 70 61 54 40 54 74 45 33 60 62 71 56 38 44 20 92 6 51 54 95 36 38 20 62 44 86 150 77 121 63 74 162 157 123 170 160 128 163 192 118 
8 47 4 38 2 38 39 41 30 5 12 37 54 10 74 5 3 9 11 48 52 19 84 84 12 86 19 129 110 1 98 49 59 109 139 98 63 112 105 8 125 115 180 177 107 127 11 189 187 173 
12 47 17 24 38 7 17 45 63 9 23 19 28 56 22 14 81 54 53 76 71 47 63 28 95 55 69 87 79 81 79 4 75 101 1 69 19 71 135 4 164 124 152 178 45 108 182 172 4 51 
47 5 43 19 2 18 13 16 4 9 31 55 17 10 17 14 47 58 82 58 1 20 57 11 1 34 63 78 97 82 78 102 5 25 113 6 126 59 70 80 123 19 62 77 103 185 66 188 183 193 
21 35 33 2 1 7 11 56 20 54 17 60 68 61 84 17 77 1 11 62 50 15 71 19 76 92 10 23 95 59 110 93 11 96 140 104 58 41 87 175 104 8 149 176 190 184 191 137 186 23 
