5000
1662829 4278411
4615679 4897496
1745065 4070107
641599 1927289
9218842 9384828
3015603 4322090
741385 3033884
2343509 2834071
4090603 4105023
6158063 8577896
283091 3298655
162900 3537673
4431387 4515788
4623628 4802878
8373532 9570039
1621915 2307716
1163847 3009006
1884311 2685993
4574611 4630790
8644668 8846983
3037696 3198675
1592234 4933254
3692553 4748670
78934 2224441
9416053 9860069
3717721 4172907
2127467 2783947
521876 3900105
1556814 2453061
5806007 7631678
3289377 4459486
2315163 4185818
3445375 3617293
768343 2955847
9501001 9505496
490295 4950688
3379568 3513449
1954166 3969492
676405 1622005
6924714 9715868
4541407 4557906
754370 3549281
1476615 4906793
2894923 3717053
5739331 8674420
3233344 4185517
2002768 3497160
104359 3026163
3069028 4923726
7759293 9547773
1706854 4775093
74874 2318553
2135468 4577270
338413 4188007
7752025 8904898
1407232 3285126
4191239 4851561
3790995 4945148
2128631 2707899
5725128 8549770
1203809 2692214
3964126 4037780
592569 909824
2130551 4573408
7517547 9714845
3058433 4098508
1701263 3836705
3544292 4734986
739527 4771235
6327731 9207878
4415611 4970304
2425866 3462158
4871034 4895679
1422372 3129099
8786486 9448119
3775310 4661569
4476644 4675478
3827911 4346649
197232 4524514
9880000 9918214
1616926 3916655
198359 1903624
4096505 4281950
2153968 3639345
8265936 8869414
3998386 4892000
1719296 4736238
97573 2358777
4808910 4920604
8625050 9373984
467702 2877321
1720097 3020732
1170497 1613663
2997718 3674777
5030361 5475150
2146681 2749543
2410271 2555554
3993258 4065329
2072442 2094458
8350089 9559203
2511982 3819122
3251971 4539446
4503198 4981023
4056976 4385130
6323688 8990248
1381421 1402871
4714299 4856839
4867841 4882679
3198033 4700376
9554160 9780334
1839537 3711377
2928472 3121177
2553690 2725251
2224538 3543809
5511565 9720714
2566809 2705019
4016592 4488942
381524 3729946
1314220 3170877
6315315 8795426
1271657 2504380
3058171 4674278
3093120 4752894
4349550 4638508
9698945 9902078
2477705 4005346
171544 3108872
1574159 2308583
4440936 4817947
5142510 7549541
707778 891907
1167431 1555483
869083 4503713
4528135 4832315
9738691 9914144
1273286 4607255
2222351 4192430
3855581 3938555
2391070 3766270
9853457 9987631
3211367 4160004
3715159 4616396
628470 3799003
551329 4403322
8449082 8955898
1598237 4489440
3043887 4734639
2703145 3491089
406955 2563504
9972341 9985079
3689283 4799841
308679 1614703
2696349 3752779
1851255 3473129
5123664 6399195
2942808 3665952
3015796 4106077
335966 4694130
4779112 4868377
5354110 5919155
679553 3771138
4828400 4882110
618586 4525033
580739 4931407
7244682 7325116
1502723 2378884
3732504 3733746
303206 3283517
1474354 2158914
7554691 7928808
926859 4499267
3388718 4074627
3735993 4021670
3919489 4981912
7903218 9645718
272744 1185210
4268823 4296256
2470253 3264056
248290 1642438
6686676 9627185
2169677 2601015
4986844 4999476
853315 2472332
4372843 4671288
9770611 9889451
2580562 3887134
3259691 3733091
2491038 4126957
4155477 4769530
9550384 9746917
3287986 3764860
3681109 4806327
1658885 3385185
2167229 4433724
7732584 9358291
1947724 2327716
3655824 3861699
2918564 4898415
199396 2541482
6449405 7931717
3942756 4092529
1079157 3137789
425865 1542590
3075761 3298931
8147224 8672473
4910178 4985953
2484800 4645254
703081 4297411
3604460 3843585
9066780 9641158
2260816 2497310
3853013 4080009
381403 3305207
611779 4625016
5703064 8816915
1053533 3843289
2441911 4575219
3407257 3637170
2178375 4064586
5746341 6948146
750623 1177677
3375505 4755051
322692 3056901
2937197 3765732
5302625 9539161
919691 4197112
4996464 4997683
4648991 4681974
3739983 4844246
6771115 7715830
93181 2676251
849860 4351597
2636945 3853213
1919531 2370411
6274610 9796454
2282228 3354168
4297317 4637857
3217510 4408946
3041121 4871132
6859956 7330086
4200532 4478364
59658 2433160
679757 4794351
3761655 3858840
5663126 9486928
2200933 3120106
997905 4866828
403672 3866115
3852630 4455374
5965024 6159870
1395601 4705627
1841852 4842373
2501825 2949911
3155149 4825786
7433448 8243835
458087 1432717
9136 2209265
1557538 2897925
1139147 1854793
6065791 8679947
837149 2584629
97974 1729418
620410 3545906
4332391 4821055
5240191 9243243
2018184 4188141
106941 2102982
2266349 3172615
2187418 3559360
6377071 9756426
3637412 4888545
3402132 3705552
4552450 4660459
2488769 2833556
9849008 9892746
2242896 4306130
1841010 3624960
2888996 3138944
1694750 3807931
8228780 8480705
1926928 4612769
4918831 4948671
4301796 4878971
900117 2615716
9469936 9732266
541196 728084
1839754 4106265
3141172 4939707
4567665 4590664
6559097 7769984
3264142 4453524
751908 4760345
3390188 3540188
1599583 3380419
8981348 9568265
3167174 4615108
3850817 4039762
529862 4245116
1449200 3440129
6333339 8863053
4146247 4179645
4573132 4638299
864803 3709327
4327129 4743079
5471481 5664417
2683081 4988332
4593682 4958761
3526086 3839206
2263925 2663919
9283572 9788456
2256039 2654780
4756163 4854509
3963798 4273134
1487423 2572295
6957456 9540217
4737120 4928959
2299959 3802022
4939615 4977097
4162779 4584694
8997734 9028055
855705 1641777
4162725 4691884
4630352 4866208
3098444 4735129
7030412 9774421
2957207 3817664
837803 2542834
3831740 4440821
3792764 4105254
6314345 7510369
186503 1350114
3439819 4718026
4956954 4962955
1895226 4939082
6266038 9482565
414776 1707800
586858 3495151
3239943 3397744
1543861 4604780
6685069 8359912
16157 4879983
2138770 3759702
539649 548530
1613636 2871224
8745349 8889640
1701390 2930629
2535407 2701564
4047404 4625748
4774240 4936951
6519232 7892077
3043590 3611950
3977491 4087432
3477647 4994069
2719462 4527266
9030385 9676442
2547429 3984786
2284660 4491819
552086 2063309
2239064 2962710
6432422 7373957
2331181 3029314
4517355 4946450
1926288 3279323
116379 3510652
8832765 9860989
72455 4610460
1237621 4644827
25392 1447254
4558840 4630311
7152645 9765670
3887101 4305455
1331379 2863888
3718925 4102254
2957404 4099817
8281315 8335934
2661183 4517928
298092 4537708
458596 2540144
2471514 3011211
5644115 9639285
522208 617150
1703048 3561881
1260051 3513892
1130855 2238720
5179014 9301574
1506200 2369666
4557845 4887240
4309854 4867257
3615259 4435231
9307277 9378715
1331394 4497745
3404099 4383223
4259180 4896447
4383861 4648055
8706411 9233275
2470110 2969475
764010 3570270
3253385 4231456
1722837 3541197
8642966 9429091
754446 4706808
1449153 3495013
3544868 4075176
2136322 2202552
9936092 9985259
4934747 4953966
2868582 3939702
3425296 3907360
2402787 2951870
6876662 8736034
3707759 4403955
4096156 4581767
2916101 4919895
527560 2473735
5669010 6385472
4211738 4986105
3360710 4326899
221597 3086935
1642080 3813352
7674009 8491444
2598543 3413764
4010222 4520946
4442202 4918505
2548802 4708675
8222061 9038397
132390 1486296
94978 3995619
1928157 4147706
3722791 4221288
8518731 8849990
4100186 4250882
4323988 4539315
3456110 3674584
895532 4868071
7956250 8619400
614603 3287733
4978328 4997821
1392185 4727357
923091 4309263
6640289 7422472
2969275 4598884
1768551 3114440
4929996 4975837
1268353 2906673
5051765 7215067
2775507 4188796
2173632 2254314
1049692 3083707
3219903 3895982
9090054 9226339
645021 1372536
169604 4866342
3568256 4042940
389563 4473026
8911439 9710550
4990793 4991954
3235768 4663948
2622515 2906833
1708678 4472191
9595902 9858573
2763882 4914011
4065541 4082020
2716628 2728973
4453462 4465905
5615594 9562044
2558073 4269492
2300793 3847142
4882087 4932075
1248835 2029852
9063796 9484467
291471 3571243
2262660 2521531
2192404 4920258
4970252 4998632
6477064 7339500
834476 845605
2450110 4135657
1309732 4387806
2252817 4709692
6476121 8620928
3799349 4332372
54302 1495200
1297161 4689725
4991448 4998635
9787998 9921418
1950703 2466869
1531395 2298697
758677 2813417
686411 2755501
7604081 8931859
4182983 4581840
1037613 3236424
1617408 3155386
1555702 3638002
6666048 7126344
797965 3824178
4202754 4537342
4000741 4239825
2842508 3472771
8336841 9252634
590770 1053219
617676 2740396
2376131 2777526
4145953 4972495
9776516 9843520
1219407 3899513
4187191 4268948
2602558 4535726
1931119 3308587
9575259 9929480
4283167 4407994
3970773 4218788
3980061 4951006
3901459 4531566
5378065 6352088
1117442 2706730
1226844 2643102
67084 1587413
861839 1150754
6056096 8224437
501946 2590910
4904805 4996331
2340826 3354329
2660872 3180968
6403178 8242715
4407792 4733955
3452205 4377211
3600122 3669427
6279 3878590
5862409 6915171
1043374 1396988
1121110 2697159
3412292 3995873
3971578 4681388
9134760 9803879
4799588 4843418
4791332 4826805
610995 4846762
3695282 4992057
7439562 7791959
2466790 4181892
1344067 2818486
463974 1546079
4134757 4556088
9154796 9291372
4404842 4549541
3412029 3794464
324833 2003631
1646252 3881321
7074058 9606580
1455500 3615240
3517382 3656770
1337356 4726007
2759043 4321489
9725671 9726436
1121932 2986882
1922099 3001711
4361072 4528816
4561230 4946496
7788114 9192087
3176716 4991053
1326972 1592064
4400831 4556545
4712976 4923063
9533426 9554410
4513173 4595514
350976 4360860
3666251 3971561
466932 932028
6683858 9452679
3267793 4683166
2156351 2295135
3334284 3642042
2923526 3913327
6323312 9491568
2651792 3676374
3490079 3835146
4126173 4136940
2074425 4141633
9465992 9862179
4655238 4781267
3451946 4813246
2695806 4312453
3763489 4611506
8587150 9585862
1319177 3968935
110092 473384
4565073 4764453
3506616 4913783
6488738 6971497
776981 4726029
1711000 2584933
4296350 4325900
668 1761662
7658219 9326892
4237322 4998331
4917762 4985134
3024977 4895958
3869068 4966244
9918061 9978014
4599978 4698225
1410724 3838454
4910521 4995945
3567792 4238976
7202076 8145329
1244894 4963874
3997755 4736720
759497 4362223
3669905 3799653
6934736 8227673
1040688 2503446
4651241 4667004
4307481 4664158
1096539 3916320
6472958 7788294
4634192 4664787
2825202 3268725
4347044 4794262
678944 4040795
7940465 8607714
2913298 3582692
4888897 4988896
3723977 4412175
924950 2600800
5560962 5681502
3878124 4181962
4539683 4714362
1700492 4370524
4083733 4337364
5135481 5622992
970362 4827772
4820105 4964156
3144469 3985003
799004 1834415
8404151 9124618
4735164 4829333
4805833 4808228
204142 4454558
1937227 2722729
9191521 9202729
4678421 4765916
2098459 2270826
4756998 4986866
2541865 3452064
6326406 6361540
1803019 3745653
358366 3116531
214003 4803618
252830 1937538
6794207 8289312
605708 3472404
49298 116260
651178 3162195
2246071 2962004
9155857 9552640
4332069 4900600
1384094 2401706
1047879 4344318
4154855 4273485
9518665 9719982
1003466 4895087
3404873 3576538
1986185 4058742
2182594 4769973
5647596 8628865
3563540 4368895
1447875 4242653
55060 1085482
853058 1072006
7149307 9226577
2974908 3931376
3067099 4441757
775984 4028680
2678661 3871923
5340038 8942809
4378659 4877658
3358984 3527447
2924423 3216394
3824075 4049216
7635861 7863974
888203 2009693
1188963 2765037
2862440 3773986
2299706 2884926
8846347 9619787
3379549 4788257
2375145 3980259
246281 397188
4691803 4713167
9612162 9755622
3440931 4519332
3024444 3477986
2373247 4616274
4734300 4811844
8826029 9132668
2598670 4519159
2247073 3107430
4796870 4920675
3931918 4279888
5842587 6378909
3777455 4395237
3120129 4589839
3458749 3665416
930215 4803567
8536839 9277537
3028863 3779449
2299050 3432676
3061608 4045472
3260928 3953128
8671322 9271510
1306202 3241307
3641165 4634720
977711 3494949
3850518 3926992
9676359 9710644
767358 4646734
4806080 4818391
615324 1697280
1577674 1789086
9722230 9764122
3431566 4515872
4263675 4589341
2958047 4800654
4796963 4846393
7319492 9864000
1673043 3813157
2593629 4665800
1900427 4250400
1446537 2805849
6249900 8696055
2346615 2372762
4123686 4457679
4463512 4545740
4428873 4472330
7950418 9671513
333515 3493329
4308029 4375406
4892385 4992865
823190 1353029
5864024 7019099
1675392 3869917
3776362 4167376
2306277 2418168
1838468 4985286
8668706 9875261
1732911 4584132
3652378 4871735
476361 3329124
4209549 4795960
6638984 8390135
1417940 2013871
4899872 4917231
498002 842776
3682767 3737211
8701066 9496095
3299661 3967787
3870512 4463209
1358893 3147800
4318986 4886227
9311600 9680395
4272477 4940325
823780 2486704
4162601 4691799
4505316 4844152
6041533 9115136
3015917 4915223
3960633 4724390
1849529 2812138
4442790 4872383
9796391 9957953
1706311 3668025
1485073 3382306
741109 2460807
2760447 3734505
5674779 6004674
2031388 4133860
549745 2746031
727512 4395094
4256958 4873774
7863477 9975596
3527229 4089121
3231746 4828403
538818 1355904
3820698 4534014
6405153 8511674
3542564 4029650
1214226 3820367
1482741 1867598
2756331 3910817
8836075 9661128
358826 4171161
4220882 4460491
2708314 3707581
1518704 3869781
8917389 9439030
590416 2022396
4053592 4610782
1447931 4291461
2552010 3171038
6905019 6910411
3729401 4375551
2115612 2483934
2058248 3442973
2549501 3032603
6490284 6923951
2755884 4854917
2546685 3831528
1922836 2529284
3472052 4413531
5178832 5380824
3707796 3944829
4379516 4753191
3112791 3829240
707324 886869
5622911 8568501
4142209 4154719
641917 2614331
3602988 4240392
4775814 4860391
6220600 6492845
1301735 1903804
4696715 4807999
1057491 2198259
88999 2940715
8480667 8952106
2429596 4272698
1770002 2404275
2570990 2973459
4410138 4420804
8350572 8618322
449181 3075184
2682277 4361710
4772678 4842689
1701754 2151241
9601191 9747777
3289992 4091114
3015288 4803559
2435909 3412572
2828938 3148564
6580630 8071759
3168160 3912824
1396581 4656836
3776123 4700870
2294703 3206388
8419836 8571508
2866702 3555866
4850410 4945192
1876827 2202084
3643635 3663747
8578049 8768600
3251549 3685283
3641895 4324610
4810749 4848407
608322 3932162
9602547 9878174
3519547 4455631
4218850 4305091
3766684 4127920
3910830 4003216
8999099 9255477
3041085 4488410
861380 4690215
4429848 4440083
1089709 1506995
8974735 9871555
4589913 4790877
2850843 2890397
4457971 4606889
3482712 4879498
8231569 8559544
4295596 4523667
2052568 2632578
256086 1138619
2451564 3879581
5921134 8167737
252467 2061873
4897809 4914820
57675 3850301
4047691 4944527
8182339 8625816
2012756 3322405
1669567 2819211
779394 4395721
4602169 4946027
5406547 6963965
4397781 4930955
3337342 4526664
4242318 4656722
1623201 1868768
7056716 9855717
4071202 4871541
761746 2118816
489384 2446942
1107216 2516591
5815666 8938784
1161097 1607270
1746974 3042149
1715113 2215950
1584887 4168958
9518698 9653649
1808831 4199904
652589 1935444
2129361 3307190
3468843 4093150
5249191 5300745
4497754 4846396
4438892 4804792
4128325 4722752
886119 4395362
5721233 6408999
3082199 4827226
4917036 4975994
2632010 2802511
699910 4462611
7482689 8947353
1198292 2618936
4961250 4980289
1113485 2065849
4457099 4591920
9349417 9795111
1519380 2926317
1843240 4052614
1704606 4279185
2419356 3765412
6172672 7814000
87296 1776664
479547 4368076
1420590 1424326
339392 2553093
8174008 8520579
3322083 4211653
3797821 4139367
4264534 4839942
4346214 4960639
7254893 7284055
4477931 4899426
3953843 4665885
996497 2503049
858400 1640442
8859654 9201232
4388077 4922148
3036679 3295631
2061375 3346363
4579298 4760396
8429597 9243443
2022559 3794333
3631621 4810629
3522210 3573238
3048774 4189794
7252189 9178831
1620382 2170109
1987679 2190801
2029091 2819554
1800521 4477818
6302395 8425517
4094440 4839763
3969451 4962367
3704524 4153048
4493452 4723110
7294083 8862137
355809 2135934
3637474 4424610
1935885 3845060
977238 2124988
9752266 9761152
3383504 3414515
3876385 4613179
1079354 4308710
37967 1413683
9542818 9628393
3540128 4516429
723689 4514931
4331529 4710383
4506949 4931959
9829869 9895740
2508578 4152673
3179105 4399692
3622614 3934647
4821225 4929630
7523732 9903067
4755463 4800496
4423505 4500295
1959009 3858043
705936 2899921
9652087 9955384
2677417 3417412
1769894 4307420
611916 3740753
1508789 4333547
7856381 9397440
2824066 3389048
1657459 2980554
4348192 4696847
3755443 4213453
5590739 8087647
1605105 2128566
287020 1194609
2549959 3865795
4362510 4671083
6459083 7624957
3723321 4935343
3026156 4201878
1000273 2598909
3854057 4585499
6823841 8820425
4289923 4859914
4460398 4585096
3853682 4148411
3457678 4365745
8387154 9103166
2195354 4326308
765077 1885321
2001664 2453537
669420 2354009
5781320 6202303
2256428 2466576
1969766 3257538
3378551 4920598
1849810 4017219
7863424 9003456
3641038 4787985
1761547 4376460
775543 4200602
356087 4076499
5611414 5850500
929399 4516575
3646800 3705473
3026562 3990810
2476980 3994862
5552515 7744810
1379201 4391234
2078951 2142072
1951169 3929650
1025734 3696592
7620122 9643174
3754349 4147659
962982 2344411
3963198 3977831
4664463 4819114
5029741 9382035
4606302 4748753
2144966 4202486
1275497 1933652
1759700 4517473
5357933 6136334
3968219 4628078
2582628 2630496
2399190 4539912
1120830 1532308
6094646 7470229
3008528 3440701
2841217 4729113
4841915 4957226
682395 2583041
7147869 7226013
3709963 4112338
4461508 4675973
1554484 3074059
2977820 3978325
5893159 6850414
1009729 1932345
705525 4392491
1284033 4383512
177302 193791
9382985 9384172
4997257 4997376
4544706 4655209
4448645 4564415
4886468 4992103
6201285 7745444
3286813 3499768
1557052 2028293
4284230 4697145
493057 1356811
7317887 8990791
4958366 4992460
3288408 3905463
3544050 3954171
1187537 1333504
7410316 8210968
2163279 2390285
577776 2196233
1732822 3247328
3088023 3882706
6335505 9879684
739799 3895184
1052610 3622908
4763174 4885853
1450846 3298213
7787279 8141916
376194 4969807
1610222 4836938
2441915 3505639
3501458 3633227
8879274 9006954
1920511 3888978
648890 761656
4688078 4829496
1067398 2937557
8537291 8797039
651552 4914106
2247376 4163754
1654080 2081253
1358574 3489955
6280418 8969907
4547487 4668833
48892 4060359
3465299 4763462
1046308 1101174
7950104 8969104
940694 1434945
914864 4716669
2667568 4454268
4656101 4854062
5615965 6106389
1270084 1444823
1227970 2873911
4288929 4298746
502611 2333326
6134173 7833117
3259021 4139493
2771115 4829092
554199 2148904
4464435 4772629
9691286 9808820
4854584 4923318
744968 1880349
3598947 4375340
2653038 4908852
7073156 8504491
1394992 2744582
464411 1750335
3402366 4212978
3991250 4961864
7338933 8203038
1959430 3072292
2091720 2629186
60228 4245742
4139600 4633492
5520948 7232029
2922348 3787246
3473690 3716977
3763827 4173483
228157 689686
9978406 9993181
1718202 3241760
2316286 4337655
3906926 4367798
4146964 4681099
5690967 7213316
1098730 2763422
2249285 3362967
439998 1700340
1889265 4172882
7473576 7871756
1769181 4455929
1816421 2011341
3458765 3568195
2250901 2804543
8676856 9340880
1082134 4413183
3458870 4400532
4545324 4721031
399078 4214926
5063536 6902703
4359420 4439420
4253686 4502355
4058252 4179694
919662 2652605
5157133 6240647
382427 2502684
3890504 4242895
875463 2647286
3827354 4012965
8337477 8556302
577826 2596799
1444527 4600311
4434710 4841342
3744634 4351316
6600357 9193057
293796 2189780
1662805 2981967
3489882 4528644
1090949 2739831
7671687 8909325
2621720 4125376
311881 4793275
4620821 4806944
4233876 4346835
5933518 8822815
831771 2966477
2102650 4513383
4063408 4115399
346725 1785681
5594024 8913412
1930027 3134517
504255 3802602
3087542 4879450
2435992 4823422
5015833 6801062
782764 3581266
1228049 2256027
1021909 3960229
3421106 4106267
7918593 9691359
4098533 4942768
786317 4999651
3900001 3965616
2915487 3558047
5933046 5983089
160834 1585633
4822709 4908709
485139 4742770
2440362 2544812
5829461 9401252
1320146 1792848
2936366 4695875
3500740 4532617
3836421 4985347
8709837 9576793
3746632 4275272
721921 1484361
4918453 4970082
838533 4474005
6449745 9842453
4108795 4853263
1261852 3502849
171913 1178290
392997 812096
6112694 7367858
4558376 4827736
1752592 2614650
2078663 4842114
2863745 4086786
8407382 9160873
42029 2053886
4382802 4524482
792282 2191998
4784410 4792951
9373333 9811571
4591758 4900563
2731516 2760631
3051730 3831117
4948567 4983277
9650325 9794504
2803379 4216299
558604 2704804
455587 1806261
4494271 4903731
5306560 7697277
1454437 1782662
1038370 3912389
416739 2425215
2383106 4447277
9982635 9988172
705174 4421658
2635909 4043756
1408911 3297343
4047088 4288631
7604543 9651411
3421144 3861276
2009948 4617859
506821 4788091
2489470 3263467
9079424 9247979
4890595 4977311
635447 4562706
4427656 4754181
1820102 4838690
9011090 9520736
1565393 3773198
2854533 4176191
1693505 3676821
1120005 3583882
8566450 9593666
4267492 4872831
1784797 4745355
3906107 4255496
3582173 3946811
7369340 7478708
984765 4077808
1984632 2776394
1436644 1859312
3430547 3472221
9311068 9701909
1282596 1847343
4849843 4874767
641873 881505
2481425 3365532
5681760 9410895
324613 1602459
3704528 3744962
4017336 4212966
272355 1556630
5529861 8234730
4308910 4941087
3167668 4086597
4959222 4979397
3241595 3936228
5391846 8402709
423700 3468320
2731688 3272947
455624 601530
3774127 3997381
9490824 9570606
2520014 4062022
3502362 4527771
2185876 2719426
840055 1882365
7844432 8227763
2022231 2216208
3724059 4437852
2703392 4211830
477874 2721773
6344841 7496288
4568654 4850697
4745889 4790851
2336280 2460657
841120 2235867
8064517 9507111
126071 2142854
4734404 4920330
4060234 4614268
2274600 3421673
8555742 9651229
4878714 4902621
3694979 3885963
3881579 4467229
4126098 4397729
5783716 8888424
1924704 4883904
3799166 3906865
1102097 1118979
3083147 4100833
5156488 5201506
2807643 4200888
3554299 3772190
2527481 4705494
3784742 4383014
7518875 9134486
2988669 4594660
4098340 4647545
1779713 2748769
1093015 3475287
8847041 8972443
4357246 4676480
4806598 4862945
2150124 4003423
2437113 3255072
5529392 9888345
3630265 4988708
1004625 2964763
4721635 4796775
4143367 4461833
7690860 8804676
1468077 4301959
4821916 4825279
1644081 3924487
3012132 3911369
6175539 6959605
4823870 4870244
1520928 3547689
2736644 3637706
2220565 2919816
8222583 8356729
1646259 4526238
3254394 4227271
1773105 4449323
3503235 4260614
9945828 9998098
2456568 4691173
4791340 4905755
3763438 3916127
2327293 3268232
7768325 9347016
2002908 3277677
602651 3907249
4535448 4764823
3463410 4924413
9596673 9975333
2390546 3667194
4499856 4709685
4280109 4742004
3963321 4553958
6379920 6906922
4744946 4983696
273081 4761021
3882193 4362673
2851018 3900059
9004181 9535318
4596535 4930572
4635111 4802723
79755 2437238
3165572 3860335
7669929 8214725
348416 2135182
4912912 4997934
1474950 1678207
4690472 4794982
8808549 8890598
3155345 3915477
3959053 4013361
3910483 4473142
3522906 3682554
8733024 9619231
4553938 4660750
1929562 2502429
13667 105035
865189 3274139
7782161 9988696
3310733 4285251
4774811 4945476
3604496 4673719
2082934 3854806
6826080 8580362
4768433 4926551
2207059 3833806
744852 3689177
839454 2453150
9763510 9821229
4299732 4804987
1191853 4229793
3790606 3858390
2956754 4039453
5101299 6121946
1097514 3750400
1996725 2682825
1321601 2016251
422124 2537907
9269887 9670371
4575505 4845459
225182 4383029
793622 2393438
4861994 4990382
9062114 9942630
1429512 2430972
4400700 4860943
2743960 4837533
4079596 4392621
7957306 9817148
507825 1739980
1480265 4489271
4863413 4927879
4452600 4848109
5924824 7773310
4445652 4741942
3118179 4474594
4603394 4651781
3691127 4393078
9067450 9951799
3823965 4893733
4206474 4467559
3634166 4297291
1951607 4292881
8736876 9371609
1072731 2956543
4471011 4488126
2518699 4868589
2529322 3772449
5531007 8967861
4944449 4977837
4969530 4975979
2306530 3586595
4718180 4988377
7665055 9023392
181863 3872349
28730 2095280
3675454 4980391
2232798 2559360
5653788 6959043
1454024 3596389
3380597 4600652
2811334 4649864
3548855 4747734
5167935 6571384
4738371 4863500
2866913 3100425
1610086 3927805
2175216 2612709
7316253 8165369
3299228 4157687
2691606 4320573
3991276 4496864
2743854 4763688
6854383 9922635
3225723 3307926
1715155 4737127
3037581 4099953
1680890 2699305
7653205 7685840
4165290 4343645
2238968 4700156
2784672 3619217
407745 3624325
5936871 7697248
4797593 4956730
4471052 4848847
3865887 4135138
2718486 3866155
5930920 7221341
2184027 3292911
1282487 4536554
3797931 4002856
4359341 4840398
7225020 8950709
73128 1525780
945542 1128469
4519495 4622100
590049 2725715
5638476 6743234
3295067 4719137
2207020 3346059
2566042 4029567
4361261 4735017
8481197 9804743
4448755 4604377
3855101 3883264
2588784 3203892
3264180 4072535
9407215 9681980
54676 908145
2624243 4285015
1886968 3897766
4859580 4950707
5877389 8508945
1252550 3880832
1262956 2740230
4705029 4987770
3063660 3852432
6758796 8382112
3194035 4477045
4942568 4948318
555214 2618682
3879059 4275027
5548317 6131740
3375339 3591852
2754317 4697746
3480688 3680295
700323 1205371
8573483 8906674
2280353 4235714
387364 1671400
1360809 4941279
802160 4368300
8150350 8923005
1722669 1921948
1964315 4036264
2526813 3257968
603507 2958921
8987901 9517335
853578 3506934
3010819 3818749
455507 3710491
2341643 3693898
9104751 9340942
3115543 4415555
2526098 4413147
193334 2281043
3816569 3994959
7498770 8161458
4965784 4975605
3674337 4802340
2390615 3841562
1800610 4648182
5385219 9748138
4718069 4930672
1183469 1242057
3782824 4916923
3687951 4083057
7989520 8012542
2436472 3608823
2116503 4540723
317569 2080567
3141358 4842286
7572025 9935124
212113 1213125
1525222 4627234
2485148 3159182
168720 616494
7033063 8223509
291475 1649031
2278658 4746524
4471194 4495028
3945898 4716991
7056025 9301901
397622 1792962
2655288 3223923
730046 4060166
922966 2657778
7939323 8716743
3205397 4699300
979003 4180620
2612015 3171811
2990418 4801779
7499204 7734877
1777903 1788279
2565919 3243365
4156153 4779405
3435326 4203707
8051052 9310331
3969641 4192451
3110878 4169753
3763467 4290145
2663520 4040041
6204266 8938914
4094600 4421133
3384214 4120311
3347832 4206970
4009954 4742464
6132300 9308551
2689721 4951878
223623 4683675
3410871 4907411
3746448 3963823
7859562 8757822
3725067 4304584
1440087 1762619
4513893 4625730
2553245 4363885
7220855 8438681
1976242 3478248
2829135 2970263
1199424 3317654
647965 4824115
8284419 9828769
1163012 1445080
4858270 4980419
1990828 2392433
711562 4308511
6090463 6930695
555069 4788726
1008467 2875145
575408 3538260
1263425 3774793
8610962 9955146
32124 1554076
952229 1357274
908984 3783239
3045443 4914203
7321328 9706083
4333317 4636436
3561068 4924617
3680147 4546071
2152375 2776946
8999948 9894024
1909120 2944781
4207719 4895951
3853044 4622679
2700069 4758949
8868008 9346881
4121719 4397933
3078391 3633697
3696626 4479078
2218363 3623026
7190207 8507773
277082 4367360
4497121 4780032
4061322 4198266
127754 300080
5102381 8065716
4414460 4710058
3760461 4370492
527258 4647170
1636552 4970443
5107634 5742459
2663701 3689002
4649547 4691230
3647334 4857373
1441229 4064142
8485165 9720964
567680 1863427
83723 278998
1458582 3929668
4938968 4983642
9562927 9934698
4273469 4316963
668002 2627630
2368051 2966348
1864073 4303511
8853121 9018786
4319918 4414848
1459467 2986741
1044783 4861064
3461606 3682035
9742705 9824481
4963932 4995933
1479009 2562146
2012508 4562076
4109977 4636465
5903896 9740810
2270321 4604142
1577447 3766510
567602 4754456
1166062 1912933
8765023 9519805
3332925 3536333
2216002 3210707
2596363 2627681
468888 616602
8534596 9451600
2297267 3116178
3332860 3813583
4471145 4487881
1597035 1687824
5288683 5318956
931947 2615187
336385 2810132
2925421 4471496
3415137 4351235
6053618 9156431
441056 3997718
1534435 3916804
3159903 3190017
1532119 2097963
8141602 8998153
4177202 4229022
1745368 3604963
3275947 4353316
4629903 4884401
5368917 8618849
3513443 3817810
1629497 1834607
1401311 3987613
4888621 4932811
5682898 9015299
2178716 3035509
2293443 2835255
4051121 4445869
1465853 1792168
9123651 9144114
2753191 4869750
3553880 4232529
4462645 4581384
514729 1586546
7112007 7575337
504308 3556843
2339132 2727700
917161 1723083
4272710 4439510
9302071 9614762
4703319 4706023
1341338 1884202
4205867 4387939
2334022 3663090
6957072 7833568
3624838 4239075
2952703 3751394
967167 4988957
2149829 4868415
5012364 7702201
3524829 4691825
2574300 4314512
339213 1934413
379646 651409
6305989 9711506
433755 3083883
2155398 3849172
563614 4905139
4346325 4594709
5649342 5748289
2870181 3042334
725496 2079894
2948580 3524142
4031501 4733940
6157264 7739891
2869120 4234838
3683981 4596642
110449 646019
4267665 4338753
6671192 8054042
2969818 4064703
3187848 4263015
4135229 4371873
2513261 2708722
6070460 6082471
3282880 3791665
1691279 4282464
4973859 4981297
3727316 4171349
5056075 5569373
1069222 2846813
358953 3794225
4245346 4612237
2150106 3815273
9483793 9748136
3605284 3873276
1299269 3596142
4113182 4209502
1464633 2064509
6640677 8163969
1039989 2293072
4331637 4990466
3436767 4713559
3501134 4378638
8276585 8311874
1353465 3927954
4494189 4594636
437710 1578696
3611675 4592557
6903235 7004488
3915506 4896478
2629447 4381110
2107069 3752712
3283013 3741692
8254349 9455302
4039945 4535194
215168 1349844
2295198 2335558
2769237 3428336
7760259 7915516
1692424 4267439
1278905 3302697
2142665 4479612
4252409 4369588
7316056 9208670
4853599 4982893
4485241 4830346
4024313 4994510
2541058 4896366
6788493 8366735
1361314 4681018
86056 3384896
2059981 4029560
4038246 4917658
9263557 9500964
3625479 4373446
2698644 3312269
2452425 3575761
2428029 2612869
6791191 7706475
4181418 4283918
3320878 3774447
613781 1474859
4120070 4232027
9066249 9580452
342475 4712687
2603531 4535127
1362363 2357528
3158689 4408732
6815092 8027205
4956044 4999071
1530918 4178297
241642 3309280
4698517 4849421
7864155 9681927
3348534 4329751
1063322 3604778
3829240 4146183
3226633 4456953
7195950 8300424
251827 1192174
4397355 4566824
2752153 3740841
530829 1063372
8708038 8893944
3769811 3892229
4216956 4434629
884779 1999366
1907345 4607926
5505378 9821944
4229706 4287237
3535255 3577925
2633325 3814807
450602 2505272
5488573 7185024
73774 1900605
4639787 4904890
779841 1815887
3084178 4387339
5365416 7581888
1376827 1578694
2764743 3405157
1035759 1142305
2784230 4367361
7414645 8434517
2612689 4038355
2334626 3813390
2877027 4044792
3126440 4674388
5357766 7678947
4568818 4632236
1462101 3313398
3459948 3682737
777213 4162133
5299239 6144129
1587079 4261963
2257885 3857293
2230525 4958360
3403438 4868241
5003100 7171976
2952602 3889416
924892 4747484
1848430 2606200
2771945 3975502
7300846 9055892
928156 3209037
1202839 3015807
881914 3014450
1787007 3717460
9541996 9592786
925918 3058967
2494519 3552637
3763840 4815348
1455846 3071516
6209273 9783129
1147097 3159990
4535754 4554705
2788420 3492680
2943415 4060950
5965974 7770559
3822313 3844826
3199297 3786337
1712558 3938424
4796143 4835064
9694875 9915612
3323147 4834737
3455985 4866426
3099528 4808754
859439 1406344
7087416 8231714
2783077 4614089
304853 3343211
4463618 4783186
3627133 4924755
6154508 9986304
1064060 3897568
2670985 4512857
3913135 4184550
4073283 4350860
5806206 8422856
2598206 4181788
3863182 4132889
360711 2210227
1864398 2185164
7912916 9810046
656184 4458267
374026 4786272
1078245 3273664
2379791 4438646
6483890 9164229
3809567 4052494
1986375 2519408
4591624 4664921
3608859 3848140
8608390 9497332
2393737 4036717
1113777 3874682
2187988 3713785
847468 2920666
5584320 7315708
3738546 4667431
3275227 4246664
2101265 4752667
1078943 2977266
7666716 7920029
3390842 4819754
732345 2492234
1868969 4347416
3302902 3918475
8208802 9325326
108835 2593895
4935269 4992527
2792684 4998815
842134 3030070
7405692 8603288
2635798 4662314
2251292 4861810
1916173 2106974
2598409 4545878
8634720 9549615
871069 4270980
2867008 4811157
3621476 3661722
1119099 1814033
6584691 8951687
1596649 2418524
4708118 4709079
4548844 4989814
4101374 4382642
5406610 7579684
1006347 3275749
2433543 4417614
1280772 1798178
4011912 4637195
5627681 8786935
4663933 4716226
4301409 4827917
1287728 2069950
555313 1981644
8810910 9966704
4899224 4962065
1654485 4631786
4692120 4825408
2304632 2880531
7144368 7448454
2770013 4508223
3577 3017292
4213318 4218749
3491774 4267819
8520370 9033743
3594990 4278485
3472261 4791185
1099946 3837398
84935 3724857
7804727 9233636
4057556 4659373
2759064 3183266
438039 575616
4780094 4910764
6351615 6464171
4490489 4628177
2470898 4916336
4954565 4987489
419760 3312714
8457466 9555029
1279342 3516210
1199545 4968828
211599 2569709
4916558 4956802
8580258 9652310
2605028 2888000
2504247 2580057
679284 1817416
4817133 4960361
5936830 6158810
3174325 4648685
2417625 2434107
1505433 1809254
4016967 4308463
7898703 8139664
889626 3650807
2262703 2610011
4450243 4817518
3122809 3515898
6284715 6710569
1288564 4397360
709232 1432759
2686559 3515217
4377413 4439245
8554847 8754826
379141 1950374
1634101 4143469
720060 4827337
4415249 4772642
8863292 9296106
2208950 3346647
997628 1340115
2408910 3871763
4859620 4870177
5215469 6902713
216850 2628682
2260965 2926739
97003 4573612
3444333 3830845
6691495 9265315
4259143 4840090
4802741 4804465
1559759 3694823
150397 4568637
8987727 9313524
2942698 4688566
2957144 4248182
1354073 3962979
463818 2093580
5414273 9973121
2287153 3506878
1192537 2577923
3456333 4897596
1097645 2323081
6959984 9540464
413240 2460095
800490 813758
240019 4682499
2029283 2256698
8653769 9974474
2564863 4358687
68705 1125799
1576629 3417216
4043981 4799847
6763202 7443642
3836713 4304249
115446 3271308
2908835 4629091
2132082 4356394
5867538 6692278
1634173 1676410
4583496 4612824
4695216 4790198
535354 4890624
9547916 9935030
498086 4525825
1958103 3421066
948244 2276844
1687091 4797111
5074978 7502713
1106292 2520540
170826 2644549
1718762 2617842
4445518 4507787
7237112 9162213
809243 4337568
3484649 4301638
1220914 4523859
2953952 4987707
7611494 8610470
3680305 3888094
703969 1622133
2464718 4450999
2793251 4403227
6525835 8881694
291059 3624506
894981 2068431
4423239 4895543
466357 2234837
6921678 7826238
4561663 4932434
2275593 3697936
3376135 3957684
270742 671216
6221815 7909792
2581528 4846428
4764615 4887424
4153054 4998067
2902892 4360388
8432513 9272389
1223271 4886263
306300 1374830
258815 2325911
3951488 4030682
6255739 6894578
4587767 4714775
1274634 1707361
279234 1717837
1841217 3905587
6920192 8774226
38134 3336315
409654 3486245
1438434 3521032
2369534 2713346
8575919 8916596
1253881 3847344
822250 3290009
4768191 4800618
334190 2464641
9610188 9941545
255350 1474743
613874 1347681
1856859 2469281
2325290 3140444
8499206 8736061
1284362 2506021
4132800 4589292
3258271 3401949
2689071 3842373
5902890 5946317
2701875 3814279
2329962 4208527
3758613 4391573
680670 952944
7276534 8393238
1360404 3677240
396776 4088046
3056749 4802319
1006206 2950432
6406293 7046045
3170422 4182008
4317337 4696601
3485179 3953491
2109943 2999592
9374731 9459543
3297156 3614421
3491198 3540184
4297653 4541113
332311 1112497
8242810 9752796
2737996 4947027
3202235 3918575
48951 2529728
4636751 4981859
9856447 9957314
913347 4486027
2518555 2944210
4568256 4958796
437108 2109499
8052564 8651382
1393087 3846050
1014282 3442405
4558517 4746185
2041536 3577817
5254289 9550407
1731517 3971792
2629275 2799468
1818139 2672768
414353 3854209
5861670 9724295
1059995 2813919
3749634 4298457
2734048 4994044
2179047 2543377
9121202 9641844
308252 2847622
328986 1840031
4943377 4980959
2896936 4227131
5733879 6670015
4269865 4813505
1262558 2465818
1961954 4626579
1474142 3752555
9688700 9783425
246477 2841161
2744433 4750788
2933803 4006194
4741173 4957877
5835498 6483344
634294 2285574
4406360 4582047
3231207 4402641
3778623 4569878
6801812 9654560
558777 4734593
3533564 4741489
4007862 4115168
4617714 4996543
9649398 9853974
392717 3292134
3338668 3585922
2128218 4797741
3747367 4186058
9501321 9945729
1317964 3824889
3928215 3974215
4971260 4976857
727835 4270132
6144942 9980954
1054711 4351571
4525396 4620208
4519910 4968531
777392 2419197
6862751 8498575
391921 4973176
4976283 4985391
4445000 4551518
4423787 4828957
9273060 9902313
932097 1987019
3828875 4220111
2510070 4864257
4761141 4963837
9207426 9531778
2090962 3000646
1130277 2986608
3781350 4211870
4072924 4587924
5911641 6422892
4787573 4864154
624653 2812146
4031092 4740032
1166481 3813828
6095650 8390799
360860 2261387
557582 4282350
4824736 4986059
1940713 4145054
7400205 8033914
4944478 4995138
631061 4981701
493068 3894236
3392478 4261741
8890001 9424134
1611768 3810310
2573875 4362768
1811329 3410116
3458382 3707158
8178325 9062236
1395656 4140286
3610845 4170294
4086761 4598675
1548217 2292992
9183100 9927113
2382801 4502625
1412333 1764329
3985876 4992018
3723973 4680281
7640678 9186655
3842684 4031680
2295201 3484191
2128566 3369497
4842492 4927266
5900578 8826794
4358804 4638593
36569 2189238
335141 3362276
18634 2002118
7293871 7450308
2746439 3569358
1543323 4687851
763037 886058
1563394 2934890
7183739 9739200
892970 2127499
3957392 4805189
2603198 2610505
2727896 3343183
5858090 7967336
4888756 4893254
3520454 3823208
3367754 3988721
3901030 3940699
5241997 6218325
4345407 4375410
821231 2492801
1962730 2463309
2485225 3240412
8953058 9279795
2474188 4477985
2038751 4279740
1359080 3708764
3736195 4012201
9652332 9825352
3512638 3642219
1967887 3832518
2107253 2793464
4297592 4546701
9860209 9987775
4041116 4258211
4622878 4815476
4541858 4606360
1403188 4200310
8078021 9302333
1483346 2843744
4546573 4551395
1700264 3141356
1843841 4953247
9655362 9746161
4273070 4845334
2154305 4392526
1835555 4997609
560211 1384215
9792043 9822396
388453 2616863
817795 937490
1227984 1234437
2490879 3976513
7580155 9405134
1897166 2620501
1515136 4747428
4431253 4630517
52221 1885799
9459512 9611842
1215715 3175908
4659083 4868487
4372920 4805212
2853228 2888799
9172269 9555199
1760902 2212349
211929 1333060
3715940 4112331
4206604 4844382
9143084 9606856
743223 2881785
199618 2398742
3008873 4576749
1106436 1149807
9349632 9968393
3058336 3398967
3921220 4911891
1427067 4652440
391387 4373045
9088815 9161938
2998412 3811275
3587585 4168753
1275888 4440250
3511873 4724457
6947223 9344453
1912298 2621992
1605055 3066512
4936900 4999141
4928453 4934262
5299996 6648913
4335565 4924056
3071781 4406717
2639511 3441601
700318 913802
8379030 9039260
3149292 3603069
2694978 3058913
47659 3393984
3423909 4905455
6044945 8220716
3130212 3254977
891080 2310631
4666281 4761522
3203352 4768891
6906166 9733005
2432819 3841767
2190987 4881425
4232027 4289513
4445782 4506533
8125499 9153695
1429693 3941791
2057540 3422943
2853682 4424126
705895 2037737
9803564 9904562
2517257 2628559
464659 2940440
3295807 4268288
838515 3932754
6891376 9589026
4044483 4464380
3664246 4580104
668028 4612077
2547144 3818088
5754715 6571619
1364473 1969749
4161813 4516536
2442178 3326627
3872343 4471389
9758243 9974371
4105504 4488284
572408 801069
1163986 4374973
869942 1519248
8586971 9148629
1212367 1767640
423821 4385708
1020110 3212332
4935518 4956772
7492450 9183279
4233984 4505065
1601317 3976092
2789951 4379972
1988779 3085409
5446096 9289167
3731092 4229911
4687733 4941239
4344207 4485199
3147873 4402348
8334010 9948676
3512206 3871282
3131223 3930190
4951567 4958542
673955 4842645
5791641 9685766
4851862 4919232
4828489 4892263
779824 3254073
2989436 3221836
8447299 8686628
314613 863132
191147 517539
4235084 4621263
2866136 2892232
8357517 9864777
4364253 4477263
3257987 3736810
3284572 4628317
4318666 4913855
5067010 5722479
4690784 4736557
3585467 4499253
3588609 4606152
1572422 4270128
8485053 9237961
1758197 3697435
2721823 4916095
1308861 4270710
401190 4176797
9024125 9758570
2601657 3686921
938658 4700627
753017 1624608
771815 1965444
7061707 8244084
104362 2392460
1028248 1979117
3047616 3065795
2731819 4123991
5005026 5052321
154028 1320468
202555 796768
2220096 4127662
352631 4696196
8676339 9249843
3676038 4904393
2278760 3028792
1155022 3992499
1600884 1614069
9681017 9843797
4754084 4872234
999584 4946761
2391072 4796472
3316016 4323818
6541724 9572731
1841877 3150412
3193034 4485596
223762 2316504
3511580 4201652
6551777 7023368
166604 397000
1498862 2572995
3330532 3696591
3674318 3733919
9690833 9919675
3501153 4278906
4872250 4968855
4142969 4652564
3710207 4990109
8198105 9964261
1987278 3541056
1569727 4583213
1292824 3858263
3933707 4651145
6093892 7921258
1311924 1713665
4350003 4696356
3471596 4370743
2565622 3837563
9070087 9237864
4482454 4959902
3078638 3906276
1048709 3847152
1236771 4097972
7618117 9618562
4374236 4696055
2736623 2887717
4339863 4711287
3817117 4126410
9612400 9812211
1471631 1829148
2065366 3973988
1667320 2677305
316497 433956
9270619 9314100
2313377 2662906
2281705 4969594
1850341 4319925
3823759 4712239
9924549 9944144
459940 4346119
3972498 4851168
897404 2562633
1279438 4612771
5198063 6644972
1720848 2314713
3637405 3668903
4899904 4937154
1709928 3092163
9260322 9932790
3667584 3708097
344637 3512120
3724890 4974285
3702040 3966393
7362072 9954279
1658099 1811533
2776902 3406638
2050197 3117188
238273 2441793
9008399 9626002
65357 4821906
721778 4252062
4275615 4418200
569320 3361178
5068443 8635046
2963989 3776911
133150 1211332
3552973 3757367
798518 4813523
5099888 7880445
3791351 3828895
1045900 3047247
2373461 4512922
2456377 2960977
6638267 6647225
716802 1994225
69088 4104297
3371156 3723483
4134498 4353218
8178235 9406615
1140713 2657763
1214630 4247535
2320712 3779392
3167495 4940178
5862002 7763815
2973571 4801268
3994249 4527312
3831124 4464259
2963041 3128642
7876182 8225189
4637517 4836054
3561243 4860773
4246337 4693596
4026829 4254800
9271240 9421470
228581 3379033
1754705 4934353
1440890 4258759
351372 2857119
8075665 9900824
645007 4882148
3089478 3090496
4732045 4848767
3269125 3503580
7837284 8974650
3318963 4829683
1670773 4593667
2883247 3364469
3159103 3564298
5508106 6463870
1685595 3545290
3902402 4103116
3208374 3342285
2044778 4680830
7770526 9496142
1094774 2196338
187888 4863884
4965983 4995348
661334 4868244
9074275 9280817
2724761 4167330
358314 1164480
4417736 4540113
4286328 4730134
5907860 9112956
2977467 4357021
3805820 4320611
3836468 4260450
2436650 2962138
5690205 5812418
1858935 2356534
38681 3799992
1078156 2540450
4970410 4978129
7651921 8535823
4323788 4902536
3906133 4734951
2801051 3172763
4793816 4912781
6200929 9214146
75230 1380089
3990186 4243238
3954767 4415932
944250 4043414
7678725 9583342
842357 3336837
2306549 2840968
1567229 3406113
1191673 3079650
7216449 7547031
118842 4298541
2640696 4296584
908572 2926027
4448419 4640804
9331503 9947788
1040255 1297762
2800024 4718827
1963334 2572268
3728233 3793170
6727560 7998396
2510710 4777940
3591582 4017970
4866748 4880349
1123169 1762356
8823445 9043574
1830647 2071164
619896 3483818
1683425 2032939
4748100 4780425
9872153 9956556
1509309 4798556
4389495 4483422
4289916 4718450
3243887 4706130
8296870 9361358
1131367 3515136
2036497 3564176
315832 3269667
2572835 3286722
7312322 9493815
1380281 4961863
520222 920826
218918 1549553
2532935 4857317
7663610 8853763
3599323 4579623
4842589 4952991
2523768 4439410
4882531 4974594
8026238 8138030
3337175 3447377
2220654 3210963
3390277 4030209
514020 1999745
8747762 9245791
3325916 4897344
2516952 4165713
3162058 4602932
2763485 3419984
8987756 9562379
76416 170357
1581955 4031558
1537125 3772447
62915 4621930
8181397 9504919
1964151 3921376
1524796 4332954
1718105 2476573
4463598 4538044
7702986 9308593
4479839 4737839
992310 1440308
2252111 4739643
95452 3160809
5995982 7572792
4499191 4914049
4696453 4814310
2860370 4244656
4147375 4436480
6234277 7033793
4225889 4642070
1851363 2406335
1575569 2463556
3800364 4230761
7070895 7262594
2015589 2367272
3935341 4391516
891038 4983079
708349 4511533
7119988 9303101
486767 3813937
3388005 4654206
4068403 4775264
1253486 1814615
7537873 8601457
1753358 1924899
423216 4897594
1490601 2698983
3738097 4095367
9387047 9414997
4879413 4934911
1095191 4124132
1151617 4721236
1668764 3583642
8430616 9354856
2914044 4485099
4702984 4910567
2493086 4006729
4084776 4917035
6103315 9191641
3898398 4317794
2457813 4413162
599175 2101909
2484338 4024003
7523679 8144259
2791866 3148720
2391729 3553639
2628520 3043969
1551100 3982607
5743416 9639157
1280724 4247533
4146488 4412267
423567 953889
3271594 3788706
8061139 9595212
4624532 4677283
4674982 4682110
2722353 3050182
4957831 4971400
9061820 9676243
1157508 1483952
4142492 4725442
935205 3341053
3825408 4316368
9850421 9994755
2112276 2557480
2228065 4088884
1494886 2116140
3203878 3611883
9255919 9655427
760855 4340124
2137692 3193545
767379 1986052
3557038 4621606
5722446 9703888
229445 1539587
4630045 4727544
130479 2142512
4382386 4914423
6325648 6900384
723385 958531
2767700 3042401
3651492 4246205
780016 4931596
5041531 7421480
694066 2339440
4269206 4537165
3726522 4823314
3307336 4653991
8748577 9321488
1941588 4300479
4218717 4716026
395811 2942337
1370944 4761242
6142493 9850698
2926951 4502021
4576966 4745985
4711921 4839871
871746 3424526
9061885 9506777
1540885 3693811
2791507 3940597
204315 4907542
2212762 4621901
5355819 6031579
2135278 4416170
664873 3541780
1279678 4974625
1467450 1584923
9816802 9868960
3422245 3833840
2884946 3519162
637208 4006921
259384 2561972
8777402 9432210
4032658 4719764
2705914 4929202
4148749 4775246
2571981 4266407
8248310 9533573
2768240 4908205
1667763 4981563
3021028 4111194
130006 967514
9227233 9583367
915742 1995906
4833331 4876587
4225289 4857799
4031189 4032408
5254133 5921029
3954144 4508077
4094418 4915636
928714 4875067
1964462 2473019
5982039 8653160
2556190 2931189
4917135 4931651
641628 1923035
3125356 3550840
6799879 8068892
4275426 4799082
4733451 4822637
1507990 1730327
3561788 4714904
8089465 9132029
3958620 4198971
3098634 3939208
3681650 4236301
2270575 3799898
9176312 9410236
1043231 4934412
4897207 4944850
76306 2607079
1669691 3781624
9720372 9923809
3373219 4947492
3315551 4839522
2327350 3643461
2556600 4566010
5337531 6272052
3887107 4302646
1720947 3983363
156681 1825334
3376165 3592666
7982391 9891717
2595135 2741049
3943880 4676792
167379 1179819
4220770 4427613
9530983 9947244
655033 2358717
3969432 4554307
299782 3724119
4993013 4998164
7145959 7963750
1626873 4796276
3043201 4212215
2650548 4681813
4485000 4897914
6640824 8694473
4597483 4950044
200899 1924405
4848085 4848086
2283239 3143224
9259627 9357461
3822494 4857703
4320196 4556319
3241091 4539712
4555972 4784226
9401228 9931291
929350 1387148
4269389 4375764
1899967 3676386
2137973 3885545
9677491 9969617
332153 3548750
4938892 4950209
321580 3796864
2296691 4346414
8892728 9505402
3324019 3428680
4108627 4177866
4405777 4435957
1275931 3091710
9490514 9961203
1535123 2357422
61909 1141329
2850586 3120960
4698159 4720294
6995947 9012980
4524061 4886462
3535278 3551124
3504022 4415836
4974164 4998014
5290966 5574146
3476473 4042248
4291418 4938430
3160440 4426975
4106515 4644798
6896333 7524108
287153 1864855
1130235 2543875
1622296 2221413
3187162 4563405
5820744 9709766
3315061 4084978
3628117 4220614
4142896 4527583
2336762 4732479
8744528 9848812
4875288 4883605
914899 3579297
1237537 3786088
3438568 4868054
9987097 9988371
3831890 3927429
4551170 4953125
1749038 4748346
591807 1253185
7707756 7800834
148350 2848968
4719123 4981218
47999 1852424
1728698 1938016
5314847 9501421
4495900 4974564
4801499 4913819
2514973 3376300
2813564 4771605
6590639 7082340
3844750 4133629
4064212 4135099
1508218 3879409
2829515 3193273
7555357 7753959
4978973 4990494
4417052 4999658
4475432 4524588
53518 4926984
9337483 9578022
3297779 3900574
4103411 4343337
2857247 3806002
12053 4910697
8913581 9693223
191328 3048948
3045695 4798770
294266 4139350
2968591 4618266
8452274 9502676
1580951 4666346
4778569 4970028
897208 2623931
304915 2846042
7646392 9333726
3677488 4511736
4655232 4797154
3540093 4772322
3682202 4928302
7842568 9880900
2895975 2926860
4633779 4958265
92496 4507659
4999425 4999784
9353822 9980782
4242201 4742179
570905 3419747
1450717 1665952
183754 4635499
7558878 9263958
105227 1243240
4130635 4133470
3928755 4514498
3263258 4959759
8502948 9223384
2425125 4174254
752198 2941069
1933701 3256466
3368890 4411037
8844806 9538561
3933553 4852100
1061547 3823502
2448682 3020264
2623064 2810702
7062788 8746589
4783071 4810273
4820865 4936343
3165215 4786833
227909 3906601
5082223 7040098
1176259 2640819
1374640 2590388
1368706 2411023
2213751 4157402
6469432 9158609
4751891 4844133
3553030 4014625
129943 1113167
1038022 2281132
6780435 7297228
2820715 3692395
1983796 3474368
2604166 4352325
1788977 3864478
5434867 6695745
3618890 4071618
1303567 2978622
1412505 3653127
4314264 4532790
6697695 7088885
651285 4906924
2086225 3055891
2620415 3333801
3805825 4245067
6097405 8411176
2309329 4384616
4535768 4615588
2631245 4152481
4310934 4802967
8142763 9485801
2481388 4913603
4458276 4635433
2797626 3624987
1445028 2981655
9236956 9293722
44659 4958031
3323675 4978063
3508129 3889593
3637275 4847636
7425634 7772517
3508378 3844023
1072967 4121903
4135297 4631096
4365906 4739479
7462795 7588416
634361 1229239
1221908 2964168
4736190 4756824
3850178 4473025
8389458 9475864
4331787 4906240
2718804 3647931
530720 4723020
4356873 4936455
6384774 8172525
553648 3274233
4396349 4970278
2234064 4138987
1657766 4715797
5324584 8246422
1243690 2912214
2633576 4756191
795104 4005044
4850049 4894498
7526919 8505349
796962 3350489
3540178 4201409
56642 3943616
2188451 3375115
7161838 8036760
4600482 4837432
1308253 4824698
2216846 3336027
4751671 4984270
8757707 8818818
2862490 4767530
3963854 4837691
3747519 4268988
1321810 1462467
8671339 9436036
2603486 4608256
1787918 4341038
3215476 4614485
4440166 4807769
5129503 8938610
3125156 3168820
4583723 4748449
1853105 4763747
4887695 4964996
7314345 8559686
4051016 4902157
1382550 1608528
2227934 4571295
3982089 4344530
6570552 8373785
3036426 4700464
737636 1813623
4856837 4934412
4588917 4803341
6537531 6662002
3045772 3342982
3350991 3502670
4618517 4987912
523417 4812523
9630577 9803716
4284695 4671950
2773685 4058979
1527972 2589561
1477919 3442992
7583169 8059537
1550741 3565570
2502038 4757009
4957478 4997146
3133716 4957532
5953009 7957356
4878614 4945075
4217112 4674900
3062457 3907504
3692264 4847958
8296185 9952521
3727822 4275499
1272453 1640182
2384348 2592730
3861298 4160188
8012935 8470757
954963 2847825
3864585 4032182
516593 1481417
940139 2944287
8601775 8751973
4613153 4922668
2037879 2900842
672448 899757
3269809 3850079
5761920 7217224
2938136 4563431
3184579 4635571
4138741 4625522
3890628 4403182
6771195 8291820
1075130 3712639
1039559 2914431
3938015 4282412
3497674 4040876
5341619 8313490
378864 4178932
2973504 4579630
2316145 2905178
946188 3632359
7665047 9736294
864836 3977514
4939728 4967734
280579 1215632
730168 4765560
7070947 9469727
3989287 4530099
2895355 3251037
1156560 2609928
2457503 3125678
9481674 9603313
3949546 4602978
771565 1868415
2549047 3207261
3720183 4727710
9527711 9804352
3858822 4415749
2576753 4546125
997436 4820643
4970456 4980415
7163159 7948753
4813719 4820932
866297 4565799
624135 2269747
2400257 4592414
7273453 9504783
1146522 2054262
495834 1037981
2683874 4663961
273427 1610051
8710812 9464563
352757 395583
3978830 4772548
3489213 4344559
3999762 4891062
8892953 9121607
1655150 4970790
918067 1533271
4910443 4919894
825577 4430325
6472987 8369623
2316976 4523354
3083017 3357381
150820 3589586
754340 901260
7176242 9253641
3979851 4480768
1338871 4873940
4043331 4668552
3408438 3804515
5707900 7091103
4673779 4990834
2767108 3592503
3939783 4560992
1525299 3203719
8865668 9252708
1325374 3308047
4581280 4586824
2582804 3797359
1770966 4010764
7527889 8659694
3154792 4021767
4372314 4948585
2299506 3432956
1171450 3919776
6420331 8578008
2125201 3949718
974697 3561504
2537419 4541056
2886946 4409061
7552618 8181367
4235771 4725445
3187622 3560212
3210543 4233063
2066675 3516013
7048228 9993217
2027023 2371695
3146703 3191800
2270673 3570768
1588662 3000674
8720319 8731167
2826648 4468531
1955267 3370861
416777 3911766
1914265 2575142
8612561 9502018
1217156 1542912
2198346 2761226
1024978 3862337
717742 4363202
8355711 8801369
1113831 4912323
2896012 4966795
2460043 3217010
2956584 4613271
6822788 9300033
2013946 2730383
2755095 4589412
1042552 2593195
81123 4754325
8089577 9739779
2925078 3251569
3073629 4552599
2116417 2299661
2174747 2461498
8479262 9276578
3981756 4825739
2006641 2198722
4867568 4886741
1005169 2150190
8550615 9865400
1358094 2471860
4382991 4806488
4354101 4916662
138732 1134153
9784701 9893807
2044437 2184503
1241554 1913821
1044259 2210052
1088308 4874559
9232063 9888159
3387195 4142031
3695934 3697090
2446706 3182178
3044310 4530263
9385791 9602448
762769 3038795
470646 1357994
1535677 1750633
4983045 4998677
8243375 9478036
4800648 4859112
261701 2162937
2865412 4492854
2073173 2811172
6501621 8899143
2926586 4103121
2176983 4785787
418217 2811872
165505 1978926
6253109 6937501
551840 1554769
1048255 3845827
2939188 4956487
1107108 4977231
7555307 8866432
2132379 4367427
2555889 4178039
1415377 1440067
966209 3618930
8781021 8811449
4161773 4968540
4565703 4657560
918799 3084351
1176125 4379696
6144222 6931825
3587711 4683969
287998 4132865
1156450 4481858
2564130 4674688
7476034 7719411
1982172 4537367
749752 4090988
4600800 4657578
4752156 4887199
6445145 9461404
1904626 3679996
2988474 4339485
2528965 4251659
1819005 3790486
8149128 9709436
3626134 4025706
2364909 3193462
405744 4457321
4064507 4519807
9257456 9327885
2477630 4908946
3217823 4504337
2084261 3395649
3309039 4703692
7366318 7397194
1234566 1571921
2735425 4729480
147980 4940453
4561301 4708482
9167028 9645775
4498414 4863932
3942889 4330909
4234991 4857756
3719249 4768161
9640412 9692704
4462169 4532770
3593872 3608477
4834110 4942633
12263 458409
9902771 9929659
364814 3574202
22994 3984037
4286668 4446479
2742336 4319999
7225959 7635096
2758200 4548228
2488947 4140661
3547025 4265035
4365609 4542883
9061716 9914080
3473959 3511979
4962838 4986477
3982952 4646471
865045 3896017
9617681 9905993
4962127 4976576
641670 2326824
2885393 4597676
395032 2634052
5396808 6261805
947847 3070573
46512 3228573
292398 3699927
957229 4370664
9597945 9820262
1327625 2107716
3283748 3455412
4957192 4985442
2232175 2234771
9515758 9945935
1864054 3621521
1736090 4973912
2145865 4127644
2985761 4405929
8397957 9261329
3027728 3528947
541865 2470127
1526785 1712714
2458088 3500365
5668953 9601218
3761280 4350576
2144207 3904514
1952419 2884347
517134 3122655
6056910 8002714
3173009 3825002
2535982 4983081
665607 4112218
2773439 4314523
6990358 9136839
1298929 4518813
2522763 2844481
2154153 4840257
3828558 4027972
5053676 5922034
3973237 4366933
1092303 4479037
3008294 4177136
782254 3937651
5167138 7078041
2911763 3039715
3624456 4841704
1043715 2721505
4601467 4802730
8638509 8861120
611048 3983770
770151 2022499
2182632 3431001
3802993 4010714
7831874 8819230
838066 1405853
1345026 1760586
601439 1965661
912434 1489304
5711213 9682924
4829972 4989136
1369298 2910178
2638488 3677954
2008066 2238991
9460949 9761577
1312663 1379961
1423284 4368615
4627879 4746190
2965068 4790208
5008799 9667405
2138342 4834708
1630441 3771208
4936578 4959763
3767389 4264917
8803912 8926957
1917135 2099107
409048 3825089
397893 4160982
2822438 3967031
5098505 8252553
3116039 3814787
4667720 4772287
725423 1042094
4917885 4932096
9420422 9568187
2661476 4314486
307241 3368285
3139685 3848371
3347546 3653005
6994220 8609870
3325667 4852778
200523 1755293
3053228 4183570
4907035 4999615
5493830 8211859
330082 2299070
4928227 4942984
2816690 2960023
1940035 2243817
7293286 8077550
3784420 4199029
4053771 4253629
4250116 4440745
2246709 4816686
9641069 9897433
4574546 4585982
4745473 4965161
1077206 2658577
472059 1924914
7957481 9406460
3809847 3883903
4319013 4573121
1815104 2644085
1132804 2573882
5382594 6404101
1059201 4140976
315005 3390636
1910717 2142805
4849183 4860597
9950261 9957020
318725 650347
3022130 3141720
4265069 4558683
2677955 3763043
5461292 8476157
1953914 3936267
4421074 4541929
2761938 4165223
83081 991809
8683918 9006446
189370 2751029
2295630 4624798
2490005 3681583
1029294 2465568
8723538 9014504
4570630 4753109
2801532 4511253
4387008 4512325
3617492 4516872
6437654 7281460
2937537 3416018
2453333 2911454
465859 1915962
924927 1152696
7762571 9544207
2471282 3031163
333622 4425826
962098 1447231
2362394 2804257
6473189 8923160
4634628 4731285
1978784 4117318
2877507 4645327
3189234 4967022
8278834 8279503
1747016 4041350
2461626 3329557
356946 3267264
3954424 4580995
7478773 8402264
2492528 3628182
2294924 2452023
3860511 3873364
1262018 2109234
7891792 9624626
399571 1926972
1740739 2940371
3754956 4112479
3917576 4480502
8780500 9386639
265966 2018714
1700210 2443692
2658146 4634025
2769897 4949622
7422595 9024516
4048031 4742942
4699022 4785659
338123 3649153
402981 3693497
5773578 8765382
4298666 4716147
217775 2346900
1864087 3293812
4935522 4955224
9349642 9918808
1949686 2873991
2523411 3245352
4247610 4377262
2663274 3787097
9138671 9435582
2143502 2871157
3318492 4349478
4185162 4377590
4332201 4374389
7543383 9819072
2522787 3820224
3870543 3931306
3033859 4055765
1927729 2289480
9390983 9647709
119558 2813091
1145110 2267554
2908741 3588028
2292536 3913284
9534845 9711842
2735793 3933680
3633021 3745175
792915 1402979
450711 794643
8072164 9210159
3203262 4394313
374070 2479508
281043 515906
3776523 4568934
8075535 9426115
3913772 4552208
347607 2648220
4079506 4100180
4896054 4957838
9158624 9720424
3870558 4173177
3737 4791652
3116864 3998069
1017181 1978628
9447711 9608800
3380573 4969691
1279321 2165230
4381806 4755246
63593 2067698
6283311 9608743
2925652 3445300
4459353 4990700
708693 4606036
599016 2114867
5798132 6102754
2184402 4330301
357245 2227029
1206289 2336959
3884427 4545970
8726660 9152632
4766985 4780173
4012304 4410225
285215 3726124
785064 2493262
7115066 8744176
137875 664520
3640639 4905082
2808165 4543938
50871 1569174
7599903 9559269
781994 2487792
2055323 3464834
4638761 4665559
1906967 2688858
7347192 9805792
47853 2502207
2621977 3826538
4704086 4898535
744328 4344334
9291927 9356210
1222048 4805530
3668115 3779396
3395516 4708056
765040 4608066
9159660 9649543
1373610 4088930
650311 4624083
2376911 3432529
2620569 4668645
9425584 9973719
909462 1841169
3789333 4868667
492901 4131134
124655 1726691
5844927 9152925
704789 4166602
123971 4288764
3876602 3993506
4641349 4968652
7005550 7429446
4097657 4385110
2813115 4670507
2341038 3361215
4874895 4914223
7045691 7781006
1887545 3927817
2081161 2949288
4357444 4526126
3662823 4528748
8026539 8028490
3002610 3539574
4275999 4902122
4188642 4368693
2518922 4033540
5330742 8494076
2587874 4095590
1897747 3057113
687126 2033355
4288922 4669335
9452144 9564299
4651757 4679237
4014686 4835027
1942093 3180709
150684 825773
5669755 6037680
3831322 4925527
950493 2682862
1313243 4440482
219705 4182114
5936191 9092959
4027093 4155433
411602 3659871
2887481 3012171
4153599 4211848
9486578 9740162
440876 4792823
17313 1737498
2547200 2693639
291167 2307543
5887601 9961318
4026900 4348877
1063830 4735317
532913 1211408
3598511 3749675
6396541 8229542
1139940 1569557
3558043 4655389
2707566 2927822
4388455 4996758
9448398 9731223
1331990 2766900
3780356 4221577
1672512 2767985
3952870 4096508
8764959 9161193
1034572 4179208
3727686 4889314
2319122 3965999
2534188 3859926
5526687 7390914
1879367 2376377
2171129 3704565
4019058 4436971
557920 3716076
8422117 9604206
3471599 4885603
4232540 4670801
2592148 4989768
2868489 4688345
8657412 9354755
19727 112321
1406607 3654665
3653265 4645446
3072535 3933524
5693040 6981933
2148696 3938244
4889432 4949880
4446370 4836317
3328729 4937864
9779453 9909466
4118492 4392797
1214305 4641982
3100392 4523454
1365703 4361489
8614271 9082168
2388371 4209508
529590 1160567
1604710 4000665
4483192 4504021
6091856 7501044
4241367 4367729
3033801 3047246
4548546 4983063
730858 1192160
9494487 9992307
3329769 4210205
4668464 4918825
715146 2448826
4669439 4684146
8085826 8118504
3506796 4114299
4038948 4701099
2309739 4434741
2403644 4014117
5112723 5800130
2262312 3551813
2909250 4081626
2427322 4292023
2612234 3889631
5128503 6924749
1600582 3116646
4119756 4507044
2704749 3453195
369399 4166042
8701470 8984727
4882264 4931588
3437607 3502494
3442080 4129192
4353844 4997715
7389128 9421092
4426256 4548428
3039772 3561873
2282515 3517464
1957719 3345570
9420107 9484275
2140294 4662505
1275481 4984996
3105577 4097798
1999768 4151354
5377397 9280275
170548 4285333
895727 1203675
4045289 4817555
4709590 4754729
7678065 8765836
1725500 4725339
3805587 4513282
4423486 4451751
867665 2110289
9704134 9984715
4487263 4557755
1206368 1284600
1945657 3998717
2549104 4065339
7213223 8507467
1792517 4181907
1224209 1326873
3936203 4711817
2951099 3971341
7802037 8404198
1491833 4053634
2529098 3912657
4951950 4993660
1844575 2268080
6655472 8346627
3159980 4339526
1895246 2591246
3428987 4642743
2709039 2720042
9265848 9640479
1364016 4449909
491271 1088058
1282291 3783135
1913503 3856507
7490097 8518542
1603901 4482713
3879044 4974020
4452665 4630342
1885513 4630527
7952325 8927680
3156846 3744678
3967284 3982177
2613619 3604612
2702378 4363767
5249171 8307404
967554 3817395
4184942 4344045
4460207 4954152
2240292 4273471
6874960 8312013
2901661 4790636
3960491 4466002
2670554 4597447
1708796 4648149
5826429 9726115
3989190 4389583
694856 4441195
1316873 1750141
4922204 4972466
7999439 9869238
4378793 4658423
978631 1558528
1929074 4783569
2096720 4791074
9780459 9895758
2435605 2643464
1055437 3858295
2348210 2900213
2670922 4320933
9438668 9808176
4418749 4878861
1271459 3306131
2601927 3661607
4553440 4731857
5463449 6588857
2011448 4708733
2906935 3405836
1570516 3688331
4165130 4266638
7059985 8344626
642883 4181672
2004954 2544367
1376354 2293932
2377703 2658246
8995620 9833542
3942780 4401199
4083202 4898423
238108 1262079
338808 1138486
6761538 8840153
495784 3395493
950791 1566336
3034000 4329293
2373153 3272394
7696134 7839940
878892 4802877
401512 3538624
3357107 3655249
1705773 2121543
5592319 8117387
954325 4599238
314693 518870
3012251 4675493
4250121 4579412
8655753 9373497
4254033 4823128
4609317 4930032
2440389 2853925
4730181 4880325
7801748 9630763
906677 3977708
3047535 4137261
2767759 3426542
4077977 4434843
5512180 5858233
1411448 2463913
4300019 4685774
1046205 4818534
3372892 3534551
8134715 8275222
4682357 4899212
237600 327805
3381237 3525786
1130572 2130416
9228093 9663191
1009195 3915347
2605645 4794466
4795141 4812194
3326219 4248973
9934006 9958641
3000446 4829812
3684339 4279330
3076314 3401455
958174 1624138
5881375 9563292
4951862 4966570
316976 379011
2412681 3525967
354223 1447801
9130001 9454607
164989 3194423
1593667 3248168
2919369 4894659
2302218 4433894
7752776 9672448
3289250 4041229
592788 694371
4323764 4516850
1458273 3551232
7058140 9688068
4505562 4873883
2641708 2671413
2685579 2893556
4168586 4656274
5534989 6405775
1493564 3661495
2494327 3787304
1530609 2585637
2438333 4523154
8449576 8567293
4423171 4944602
3908871 4510465
1272365 3140956
1273433 4496230
7793818 7903727
4239822 4854828
3107473 3537646
889258 1214203
3687519 4992499
6771415 8340486
3840098 4711393
280688 2294480
3608441 4446779
408179 827917
5549736 9827906
4822820 4895899
1298848 1404090
2437708 3842036
1040928 1806478
9574404 9585188
2898081 4985387
1029634 4407893
1804474 4389330
4540883 4557082
8437279 9056310
2432328 2616672
782812 2380991
2944 4695562
3084509 3892253
9905817 9922591
4018284 4149372
3040408 4002042
1139388 2941000
1607667 3345001
9563716 9780858
4448581 4549169
4249283 4950168
3514418 4172648
2410415 3523502
6600691 9895660
1899885 2939991
848781 4009979
4620809 4871036
2662863 4740744
6488193 9675103
2838694 4517199
1766797 2140372
551884 1954832
4879859 4943889
5003795 9990926
380049 647151
4427708 4480719
3226668 4608256
4141345 4285220
9969723 9979992
4887414 4991558
4902200 4916570
4020858 4318056
3245186 4380815
5316949 6826621
4388929 4638624
4918785 4940908
2787952 4087270
2683109 3862338
7533833 9441636
3841601 4258459
1151613 1616173
4452904 4988202
4359993 4932028
5702968 5705518
1333033 2270929
2559157 2861483
350049 3760805
909461 3894369
8828582 9270632
2899281 4388912
2064983 2351052
4671486 4676834
1210034 2888099
7132998 8461504
4902196 4973750
831732 4296975
3709896 4788912
4966508 4998077
5439929 6411231
2419761 3986745
1746306 4824320
2077162 3601582
4554439 4578808
6618211 9912062
2927053 3242648
418585 3515747
3687859 3824426
1057895 1231480
6149531 7806666
1078765 1771369
1636664 4767642
1521301 3817644
4970645 4987489
6996800 9690281
3008414 3008863
4846336 4859533
3463850 4190531
2763134 3593027
5522983 8316836
406159 2817079
1134517 3420751
3396460 4238258
127605 4885834
8211381 8282294
1688467 4847518
1018050 2116854
396410 591283
2353647 2762511
7616092 8190576
3944034 3970846
1363828 2001333
3446104 3554302
2940868 3525413
9971643 9978010
3278807 3861923
3140987 4718301
396973 4982178
4269298 4725817
6337128 7142000
4299569 4309777
1960110 3731254
4605764 4785237
826076 3141369
9910514 9919067
941460 1318985
1017031 1139906
1179086 2946108
1183429 3397713
5590522 7490360
974664 2156365
2093921 2656757
2906333 4326301
338455 3990901
6421472 8925913
2602487 2710875
1520319 4230054
2017128 4383938
1482721 2690599
9995124 9997013
415793 2945642
170054 681815
2714124 4041491
1870738 2977281
7128795 7916126
641385 3723166
4156415 4425903
3814151 4645018
1497281 4652768
8887137 9298140
2898935 4267664
4582744 4589157
552381 2336236
1803047 2526502
5303878 9414420
906774 1858771
1377443 3069924
3180789 4542672
4987745 4993549
5923045 7127584
189477 1258606
747219 2636242
3776091 4654603
777584 4761207
6488287 7593573
919209 1513791
2945028 4438828
1377661 4642674
417851 1430263
5522999 7389656
3944583 4007842
300530 4137715
2884560 4990046
2364810 4366570
6703171 6827122
1468812 2385263
905598 4819913
3476459 4627015
2129611 2272650
8710399 8854451
4797543 4902429
1395695 2069727
3526536 4888594
2258063 4516790
5222332 8322789
4077355 4418212
810285 2527927
178057 3196959
2206027 4414124
5232574 5716620
2147536 2207097
4450181 4843716
3199023 3771147
2041498 2462803
7727626 8634717
2478833 3088524
704170 4722397
3313058 3781318
2468663 3244331
9027223 9657607
2938702 4856392
322801 3312089
2678829 4540257
1446853 4778804
8433203 9008329
3946761 4815951
385554 2985623
1647873 3056932
667274 2405022
9226261 9662840
1324650 1479159
3628715 3919895
1914544 2362568
682541 3269482
6590477 9971958
4511901 4827898
2611646 4196053
2146290 3691261
3235133 4264206
8260435 9165410
1624497 2930402
3349104 3550628
611809 4688942
3385324 3930823
5630034 5992550
815898 3139503
816011 4999390
315518 4307899
2153870 4520017
9668198 9824421
786862 1946912
2015675 4900637
4961068 4970431
965213 1848334
6177714 7961134
377001 1695982
2975122 3516192
3527795 4846024
4069750 4431053
7158919 9204686
4486570 4721728
4416966 4984532
2445116 4134162
3842651 4918336
5423221 5643433
3071670 4721536
3898608 4502772
458777 3354977
76400 4615027
7114140 7670299
2164722 3073856
1791437 4082120
4484924 4751960
376576 3810805
5021415 6929170
2310763 3263129
963518 2670253
2184701 3207607
2890616 3790456
7199236 7574249
4214032 4554068
2727306 3345072
2775190 2972719
1261801 4505466
8813091 9038034
2688884 4336083
3595929 4942010
2395113 2396784
3937097 4642887
6651937 7707008
3082319 3780136
4863800 4876803
544055 3600166
3893232 3942829
8233304 8964540
943741 1159254
3468250 4347069
4724968 4815576
2045533 2444308
6679836 8570980
1579963 3630607
3690580 3806300
1797639 4972933
2612144 4810440
6634484 9628702
346094 497152
341598 1414839
4555333 4625860
2999279 4844963
7621058 8215721
2929374 3893375
2675542 4307683
3522612 3889066
3358020 4795564
5777562 5812105
3145589 3317142
2999550 3435848
98508 704825
613819 4474574
9280143 9440922
3719363 4105528
2248699 3045452
946472 2502330
2382279 4481441
9676149 9773284
1760379 3182756
106903 1819333
4278791 4367728
1921532 4332031
7264554 8821657
2672438 3872263
4725694 4803794
2096653 4189459
3105748 4489807
5044503 7618306
2768493 3452016
563459 2597899
4959105 4983409
4663020 4755652
7118283 8035806
582144 2576187
3567897 4290401
4742799 4787552
1474374 3659777
8185942 8315419
91764 1740928
1427996 2507844
3719366 4179724
355399 2803782
7668226 8051611
3499502 3887165
4457032 4863679
3315545 4665824
3159416 4445412
6979852 8764234
1521275 4492972
894591 3734239
4683615 4874716
1275271 2041207
6856574 9388224
3379082 3973048
3377157 3405389
3552021 4792767
4593733 4682002
9444238 9589746
4856175 4919059
1773894 2583731
579737 1517082
3895911 4565694
5938371 7551753
1315744 1353740
2204044 2696016
2057584 4202942
2437448 3720142
5502514 6642086
1452537 1690865
4047435 4490138
1377471 4248726
4374883 4649603
9625495 9837087
1011322 3515684
3655128 4542112
3368083 3530379
2628508 3519803
9572535 9651951
305989 3649222
3098859 3474512
2882394 3558477
4509430 4809686
8899567 8907389
978915 4290703
2804962 3998534
3689577 4027503
1087004 4114087
5756019 8376882
1607038 3238807
3993152 4625418
545335 2247364
3760602 3791260
9362175 9921542
1937702 1996928
3158824 3380201
441183 3005523
3440739 4748161
7898003 8449776
2201294 2308368
2342756 4692039
198944 244380
1576331 2790824
5607385 8827798
3887054 3946389
3546147 4261851
40350 1384105
679756 732343
5958361 7715784
3439650 4510671
3766388 3904493
3533729 3648562
2685699 4860205
5139554 9713678
1215911 3730464
225166 2089178
1461331 3473242
1353586 1891975
6278068 6286379
1821027 4220962
4700490 4806884
2145859 4403921
4466174 4923310
8474661 8898548
2164795 2272816
2994341 4063124
3452134 4357262
443888 3665710
7736012 9875435
4986876 4990684
1169601 1872251
3097043 3136630
2591926 4585884
6437389 8339059
1202134 2471782
3102242 4158845
1850117 3880125
2361953 2464083
5511856 7620768
1111066 4523262
1750771 4022346
3254619 4516690
2869159 4717355
8613442 9602460
748865 787658
4955585 4989685
906714 2159735
1050464 4318820
9888444 9927873
1483878 3506226
2895805 3398525
492007 873768
116299 3004348
7810336 9638612
2709385 2987661
2618813 3992186
2048847 4305320
1600776 4314018
6716742 7620718
3558796 4967782
3152633 4036481
2602369 3060485
556446 1021978
9318578 9489764
1394488 4724781
1411856 4946957
4599440 4695847
3473845 4558487
6489970 7122736
3073975 4327212
3372738 4279291
966644 4635222
3353370 4236912
6294673 8791358
552857 649247
4919797 4946889
3484231 4609628
635200 3887428
5264421 7731219
4560850 4972868
3715059 4827650
2696395 2882508
1924731 4231653
7921712 9701922
3427320 4378229
4362920 4721186
2004065 4199747
686597 4872898
7471661 8322013
2202823 3972568
1759079 4040231
4521169 4580077
241019 3225733
8207764 8772083
4633567 4938157
4386724 4450504
890951 3726242
4539935 4944666
9213743 9463960
1496387 3506122
2422840 3200362
2838994 4264218
722646 4774974
6755382 9069021
2892249 3088340
3371683 4397623
52517 250320
460777 3642295
8571605 9098476
2110191 4716288
4736579 4888186
1151640 2762066
4179271 4611673
8990979 9548755
4208434 4893899
951584 1229167
124646 348879
1941567 2458333
5121471 5901391
4916918 4917907
2970722 4712945
2320622 4946920
2425479 4973470
7478877 8936987
2424883 2845774
2052183 4345045
820853 1688115
4658554 4775302
9879189 9904745
2056837 2722994
1029488 1274138
2299744 2553591
3851028 4926868
6853044 9704832
3315305 3537826
4431363 4923929
4017724 4330420
4789366 4850047
9030721 9527959
361669 4405237
1538632 3495730
4531960 4601966
3824423 4076867
8784251 9845396
4636511 4945328
3465182 3473341
3604775 3780384
969614 1256302
7478817 7681455
3424802 3465436
2112325 4242778
2931905 3895236
4869627 4911221
9841625 9855741
510110 1816856
3433251 4540284
619617 4143960
2466910 4112516
9559237 9789007
2569223 2805040
4430978 4513331
3442886 4810182
1712524 4313008
8251701 9000695
2001907 4512085
1088782 4417605
1904020 3208127
4764799 4813967
9165409 9572589
665886 1000429
896730 4666081
4640147 4735253
4558548 4857204
7183719 7886474
2853096 3616648
3856602 4463140
1446381 1735488
4058125 4963126
5673877 8821663
2376980 3979510
404648 4054219
2663090 3539085
1795407 2129549
7054017 7132536
4233032 4696703
4981121 4993596
2207253 2976725
3648676 4693180
8555479 9120409
4655442 4778356
4897031 4999964
1901422 4462569
4595000 4966055
7873978 9881663
4767903 4856646
4721279 4961049
1521336 2849784
561309 3964904
7193267 8670541
4818691 4878893
483602 1540138
1481874 3606185
4459145 4797082
9027298 9649216
3276535 4677910
3004302 4711812
4642881 4870707
4183509 4423434
7730274 7984277
866388 3507922
3510052 4577184
2915434 3559510
1551997 4190932
9243782 9781631
2747035 4484019
1724330 3911737
41690 4365037
1355301 3421208
9693521 9717781
2448430 2555046
3106776 4924969
3045952 3539088
3231376 4802398
7696662 8278938
4096982 4570401
4132045 4923509
1427631 2785019
2725097 4518099
8584342 8968230
4817726 4934902
4409161 4460185
2860575 3554777
724733 4670003
8604711 9377640
3033780 3675938
3552947 4753573
1944171 2028221
4006845 4795787
7425292 7524968
4414252 4877132
3551378 4715566
4773331 4926315
1664190 4495339
7301457 7496967
4746623 4858109
4156246 4163846
796089 4946338
1269626 1767873
7869754 8459780
2058406 4194068
3132558 4130350
2408037 3909865
1225423 2472332
7976243 8921056
155266 1398350
1808306 2938039
983939 1337613
2844285 3487772
9934908 9952456
2967510 3392430
1709209 3770351
1414242 1797784
3783786 4827764
7133585 8575111
1912776 4860847
4602945 4774455
2354870 3066974
1655903 2025001
5370712 7093115
10022 2861024
4060428 4916040
895957 2613403
1403402 1462699
8125792 8764232
4973341 4978947
3251519 3893334
2722363 2977469
4314941 4721020
7696312 9612140
3732098 4110309
4227011 4476807
4708295 4789317
4458731 4502552
9844350 9913621
4681995 4790512
261542 342766
2147070 4725964
4395632 4579150
6291177 8080622
582420 2639225
2717913 4615238
4308613 4399525
4548296 4800046
6024418 8298865
2203997 4640633
4212466 4540038
4322409 4418956
1797525 4473810
5549983 8947485
4348297 4428372
1064873 1341342
627993 701471
1515867 2368088
7882815 8834506
103775 3769462
2550685 2704177
1191784 2245924
620677 3050810
6950179 9508001
4218698 4277939
4476430 4733876
3209999 3595320
4568160 4766267
5779766 9930091
2996379 4136827
3819939 4829152
752103 2934829
4902749 4925631
5589253 9052969
2315459 3160224
363108 4347717
4171184 4275701
2872913 3862996
8850096 9664438
1387100 2734654
3907582 3938756
1940366 4034795
4788790 4989247
8805258 9192097
3386463 4807410
4772292 4775763
4996617 4999915
3122858 3203971
7855659 8783558
2246701 2954922
1104298 3930003
231371 4796227
2682477 3500062
8066988 9418780
4224265 4999685
3287434 3603680
502308 543766
2774885 3599595
9413912 9711048
2420185 4498063
155426 1034120
3142343 4943345
4777819 4952767
6654748 8841348
4418091 4467574
2545169 3004150
371405 3780179
336062 1675561
7821701 9914698
4967404 4975642
755551 3429136
2889967 3250757
645021 1481404
5922407 9455795
1854897 2728923
2584565 3554659
4081485 4268520
4705647 4794822
7564047 8972894
791856 2990445
2836319 3809469
4010668 4118758
2593357 4064965
9925385 9989501
2854022 3133015
2349519 4745650
1696369 3027459
2667764 4365938
7443409 7695738
3073265 3994281
2915099 4162922
3337001 3898249
2365765 3987205
8380265 9146653
3212052 3577825
345403 902799
4721603 4950330
79751 2135570
8990112 9712295
2542328 4771750
1066062 2674609
824979 2316284
2086626 4435444
7537082 8560356
1919880 3975681
1343829 4837837
2913487 3383169
4832292 4974228
5669131 8085728
2661266 2785654
118964 2151806
1259539 1758616
4539454 4971954
7538294 7903894
4375051 4927999
4469174 4921773
1446495 1523031
4807621 4917863
6153861 7238890
2734793 4865134
3896200 4634336
3292053 4533541
3705843 3773078
7086609 9378938
160713 3638376
18234 1077779
2362430 3111241
3087654 3800282
6860219 8685533
3526569 4867523
1088708 2927757
316164 4207315
2725534 4756522
9022657 9250400
4007789 4418212
236669 2999658
1151799 4827940
4817153 4902768
7223136 8412664
890364 3404090
3893347 4980708
2545610 4534307
954009 2984724
6689029 6721158
1667297 3877121
1240088 2991826
2521557 4405768
2920658 4038757
9072909 9375386
886604 4644037
4439009 4467138
1283412 4706372
3447295 3766058
5737582 8456473
1054161 3640949
4337384 4998918
4466852 4983209
3084564 4954714
7438768 8295627
2019623 3152276
109561 4176114
75467 1216622
1741098 4848941
5819552 8345924
833064 886013
139526 3892963
1912494 3966397
2818496 3898555
9623084 9665297
550869 3229019
2719525 3640204
3268250 3906140
3105015 4016065
5952495 6812423
1765521 2133531
4743758 4748099
2888127 3504901
645332 2715354
9556263 9714996
4028579 4701034
2396064 3600324
2315374 4713125
3689344 4469079
5020053 5761318
4357558 4406112
2060828 3028908
4240800 4443768
2552713 4758732
9853914 9918732
4850843 4861186
2428966 4070780
2762864 2948165
4307936 4812777
9112250 9199338
4740612 4786059
3641737 3854961
2828830 3881653
4483162 4553772
7928138 9001057
270472 344797
4594226 4883749
963980 3806861
4323442 4810066
8651298 9659935
3294308 3345322
3733618 4931993
671875 4969027
3100867 3686262
8716148 9215618
1385206 2105017
3322110 4977689
2246189 3065695
2282640 2421839
6007225 9694692
4223490 4579661
4545712 4913723
3597659 4240001
4142143 4594850
6160189 9718476
421935 1605786
4840582 4871117
1332478 2267425
4130327 4530081
6818944 8897969
929928 3398162
606368 4083845
2535215 3614970
893832 4578626
9578513 9990626
3898302 4253901
3796164 3853667
1973289 3685185
4755809 4912029
6829288 7352361
1530531 4839740
4235355 4892948
1046668 2277755
1384793 2432734
8325599 9263846
2794222 3152617
4552884 4957859
3001819 4477383
4503881 4795508
5265971 9135691
3435388 4675343
1797310 4170928
2112700 4970389
2449006 4244997
5510673 9508826
1099979 2267519
1798608 4254085
4298493 4552265
1119466 2998009
8557437 8603799
1631806 1965921
2428835 3732051
4597067 4777110
191490 4293001
8588670 9908358
62175 4085056
3768980 4120390
4594874 4871413
4969759 4978048
9469898 9806710
3882390 4988598
4063844 4156233
2502978 3612371
80527 2745766
8538445 8703326
1054069 1608973
4955450 4977484
2844351 3923585
677763 3742894
5335216 9379176
1068014 1190131
2179422 3671939
4397102 4601059
3916112 4509922
9740178 9856490
4503896 4836082
2147006 3964897
3609141 4987740
3655665 3722650
6688413 9764134
3929072 4909278
785322 1384574
852378 2729313
1916609 4219460
7376664 7971611
4367572 4923102
3014490 3473186
45192 4557369
4914628 4949024
7867918 9348197
820808 2273298
3199973 4737693
4165199 4325957
1185757 4751773
5054477 5358701
156595 3443920
4492170 4603920
1683939 3441833
2527575 3364692
7528237 9061330
1570592 2106731
4548649 4873196
2086682 2761575
3348894 4356826
8634187 9806227
3976064 4784952
3486152 3910143
659824 2070951
4552965 4929997
5940621 7538739
2517925 3400680
4691728 4705721
2871237 3478627
2788800 3689501
9088449 9741870
1461062 2854046
1020112 1310046
1114524 1468083
1319785 1525753
5064698 5109971
3574400 4134523
4467127 4813631
3881755 4073402
3227837 4434447
6518909 8948415
2389393 3168969
3660380 4089363
3455504 4393438
4864030 4961427
5030160 9348504
1826525 3716379
2254648 3796016
421864 695248
3540304 4404350
6568047 9459936
144235 2571077
439592 2230467
2762872 4612013
1838079 2166515
8002475 9121662
615143 644707
4916141 4984125
3323766 4731507
4860086 4930407
6726848 8063969
715615 4382345
3684398 3713505
1180222 4668611
4488615 4925620
6365820 9824246
2269192 4055229
4175987 4215674
537360 4573854
4355623 4430789
5261356 8961949
3015929 3199233
1020394 2344608
4374542 4568218
3616689 4575795
7925427 9773999
1356269 4878623
3644708 3902764
999361 4107428
4288160 4534679
8034977 8670447
439555 4876704
3643798 4970774
3449364 4204710
1413048 1684204
5146522 9421059
